[gd_scene load_steps=3 format=3 uid="uid://bj2vfa1t7v4ka"]

[ext_resource type="PackedScene" uid="uid://dnln4ohcklef0" path="res://SK_black_cat_christmas/scenes/666344209642962256.tscn" id="1_hb1ca"]
[ext_resource type="PackedScene" uid="uid://q6dplxqrb08h" path="res://SK_black_cat_christmas/scenes/renik.tscn" id="1_vage1"]

[node name="Node3D" type="Node3D"]

[node name="Label3D" type="Label3D" parent="."]
transform = Transform3D(1, 0, 0, 0, 1, 0, 0, 0, 1, 2, 1.8, 0)
text = "ManyBoneIK"

[node name="Label3D2" type="Label3D" parent="."]
transform = Transform3D(1, 0, 0, 0, 1, 0, 0, 0, 1, 0, 1.8, 0)
text = "RenIK"

[node name="666344209642962256" parent="." instance=ExtResource("1_hb1ca")]
transform = Transform3D(1, 0, 0, 0, 1, 0, 0, 0, 1, 2, 0, 0)

[node name="GeneralSkeleton" parent="666344209642962256" index="0"]
bones/1/rotation = Quaternion(0.0171242, 0.125587, 0.123738, 0.984187)
bones/18/position = Vector3(5.06408e-09, 0.051563, 0.0123953)
bones/18/rotation = Quaternion(0.0383637, -0.0453961, -0.0829062, 0.994783)
bones/19/position = Vector3(9.6916e-09, 0.111911, 0.00302009)
bones/19/rotation = Quaternion(0.0079798, -0.04065, -0.0465747, 0.998055)
bones/20/position = Vector3(-4.42378e-09, 0.106594, -0.0145037)
bones/20/rotation = Quaternion(-0.0959545, -0.0447212, -0.0135241, 0.994289)
bones/25/position = Vector3(-6.51926e-09, 0.130998, -0.0379822)
bones/25/rotation = Quaternion(-0.0383378, -0.0209671, 0.000726422, 0.999045)
bones/26/position = Vector3(3.20724e-08, 0.0722129, 0.0090351)
bones/26/rotation = Quaternion(0.00533489, 0.0125794, 0.0234934, 0.999631)
bones/48/position = Vector3(0.0221645, 0.104655, -0.0296766)
bones/48/rotation = Quaternion(0.666945, 0.696846, 0.142274, -0.222143)
bones/49/position = Vector3(-7.45054e-09, 0.0848125, -0.0120753)
bones/49/rotation = Quaternion(-0.0295921, -0.856537, 0.0275785, 0.514497)
bones/50/position = Vector3(0.000147965, 0.217661, 0.00062108)
bones/50/rotation = Quaternion(0.000524544, -0.648932, -0.00270431, 0.760841)
bones/51/position = Vector3(0.000624299, 0.211906, 0.000261858)
bones/51/rotation = Quaternion(0.00787882, 0.667159, -0.000151232, 0.744874)
bones/71/position = Vector3(-0.0221645, 0.104655, -0.0296766)
bones/71/rotation = Quaternion(-0.533881, 0.544757, 0.419775, 0.491934)
bones/72/position = Vector3(-1.86266e-09, 0.0848125, -0.0120753)
bones/72/rotation = Quaternion(-0.011098, 0.986226, -0.0684494, 0.150166)
bones/73/position = Vector3(-0.000148172, 0.217661, 0.000620842)
bones/73/rotation = Quaternion(-0.000608653, 0.661528, 0.000238119, 0.74992)
bones/74/position = Vector3(-0.000623941, 0.211906, 0.000261398)
bones/74/rotation = Quaternion(0.00303437, -0.643954, -0.000565109, 0.765058)
bones/94/position = Vector3(0.0763605, -0.0393862, -0.00362057)
bones/94/rotation = Quaternion(-0.0359377, 0.00799086, 0.991064, 0.128202)
bones/95/position = Vector3(0.00645694, 0.348783, -0.00599325)
bones/95/rotation = Quaternion(0.0011156, 0.988984, 0.0203419, -0.146612)
bones/96/position = Vector3(-0.0106744, 0.408933, 0.0211781)
bones/96/rotation = Quaternion(0.0386251, 0.739604, -0.670872, 0.0377628)
bones/114/position = Vector3(-0.0763606, -0.0393862, -0.00362056)
bones/114/rotation = Quaternion(-0.00153428, 0.00570145, 0.995225, 0.0974267)
bones/115/position = Vector3(-0.0064574, 0.348783, -0.00599323)
bones/115/rotation = Quaternion(0.00821144, 0.990974, 0.0141511, -0.133052)
bones/116/position = Vector3(0.0106752, 0.408933, 0.0211781)
bones/116/rotation = Quaternion(-0.00964025, 0.732439, -0.680448, 0.0207734)

[node name="ManyBoneIK3D" parent="666344209642962256/GeneralSkeleton" index="2"]
constraints/0/bone_direction = Transform3D(1, 0.000419712, 2.64003e-06, -0.000419712, 0.999921, 0.0125797, 2.64003e-06, -0.0125797, 0.999921, 0, 0, 0)
constraints/1/kusudama_twist = Transform3D(0.999991, -0.000198798, -0.00431366, 0.000198798, -0.995761, 0.0919758, -0.00431366, -0.0919758, -0.995752, -0.000406706, 0.968936, 0.0121899)
constraints/1/kusudama_orientation = Transform3D(1, 0, 0, 0, 1, 0, 0, 0, 1, -0.000406706, 0.968936, 0.0121899)
constraints/1/bone_direction = Transform3D(1, 3.42812e-06, 3.65167e-05, -3.42812e-06, -0.982528, 0.186116, 3.65167e-05, -0.186116, -0.982528, 0, 0, 0)
constraints/18/kusudama_twist = Transform3D(1, 4.23516e-20, 5.42101e-20, -9.48677e-20, 1, -1.2857e-39, 6.58277e-37, -4.16334e-17, 1, 5.06407e-09, 0.051563, 0.0123953)
constraints/18/kusudama_orientation = Transform3D(1, 6.77626e-21, 2.71051e-20, -2.03288e-20, 1, 0, 0, -1.38778e-17, 1, 5.06408e-09, 0.051563, 0.0123953)
constraints/18/bone_direction = Transform3D(1, -8.65693e-08, -1.16789e-09, 8.65693e-08, 0.999636, 0.0269767, -1.16789e-09, -0.0269767, 0.999636, 0, 0, 0)
constraints/19/kusudama_twist = Transform3D(1, 5.42101e-20, 2.1684e-19, 1.13841e-18, 1, 8.32667e-17, -1.20371e-35, 6.16298e-33, 1, 9.69158e-09, 0.111911, 0.00302009)
constraints/19/kusudama_orientation = Transform3D(1, 1.35525e-19, 0, 1.89735e-19, 1, 1.38778e-17, 0, 1.38778e-17, 1, 9.6916e-09, 0.111911, 0.00302009)
constraints/19/bone_direction = Transform3D(1, 4.11223e-08, -2.78482e-09, -4.11223e-08, 0.99087, -0.134823, -2.78482e-09, 0.134823, 0.99087, 0, 0, 0)
constraints/20/kusudama_twist = Transform3D(1, 1.6263e-19, 1.30104e-18, -3.61112e-35, 1, -1.11022e-16, 1.30104e-18, 1.2326e-32, 1, -4.42378e-09, 0.106594, -0.0145037)
constraints/20/kusudama_orientation = Transform3D(1, 5.42101e-20, 4.33681e-19, 0, 1, -2.77556e-17, 4.33681e-19, 0, 1, -4.42378e-09, 0.106594, -0.0145037)
constraints/20/bone_direction = Transform3D(1, 1.84184e-08, -2.58225e-09, -1.84184e-08, 0.961446, -0.274994, -2.58225e-09, 0.274994, 0.961446, 0, 0, 0)
constraints/25/kusudama_twist = Transform3D(1, 2.1684e-19, 3.00927e-36, -5.42101e-19, 1, 4.85723e-17, 4.5139e-36, -6.93889e-18, 1, -6.51926e-09, 0.130998, -0.0379822)
constraints/25/kusudama_orientation = Transform3D(1, 0, 0, -1.0842e-19, 1, 6.93889e-18, 0, 6.93889e-18, 1, -6.51926e-09, 0.130998, -0.0379822)
constraints/25/bone_direction = Transform3D(1, -4.40701e-07, -2.74626e-08, 4.40701e-07, 0.992264, 0.12415, -2.74626e-08, -0.12415, 0.992264, 0, 0, 0)
constraints/26/kusudama_twist = Transform3D(1, -3.65918e-19, -3.25261e-19, 6.77626e-20, 1, -8.32667e-17, 3.25261e-19, -2.49793e-38, 1, 3.20724e-08, 0.0722129, 0.0090351)
constraints/26/kusudama_orientation = Transform3D(1, -1.35525e-19, -1.0842e-19, 4.06576e-20, 1, -2.77556e-17, 1.0842e-19, 0, 1, 3.20724e-08, 0.0722129, 0.0090351)
constraints/26/bone_direction = Transform3D(1, -0.000514918, 3.89596e-05, 0.000514918, 0.988616, -0.150462, 3.89596e-05, 0.150462, 0.988616, 0, 0, 0)
constraints/48/kusudama_twist = Transform3D(5.26163e-16, 1, -2.77556e-17, -1, 5.6205e-16, 6.245e-17, -8.67362e-18, 6.93889e-18, 1, 0.0221645, 0.104655, -0.0296766)
constraints/48/kusudama_orientation = Transform3D(1, 0, 0, -1.0842e-19, 1, 6.93889e-18, 0, 6.93889e-18, 1, 0.0221645, 0.104655, -0.0296766)
constraints/48/bone_direction = Transform3D(1, 8.69706e-08, -6.16022e-09, -8.69706e-08, 0.990016, -0.140955, -6.16022e-09, 0.140955, 0.990016, 0, 0, 0)
constraints/49/kusudama_twist = Transform3D(0.624649, 0.765446, 0.154615, -0.765446, 0.56096, 0.315303, 0.154615, -0.315303, 0.936311, -7.45058e-09, 0.0848125, -0.0120753)
constraints/49/kusudama_orientation = Transform3D(1, 0, 0, 0, 1, 0, -5.55112e-17, 1.38778e-17, 1, -7.45054e-09, 0.0848125, -0.0120753)
constraints/49/bone_direction = Transform3D(1, -0.000679793, -9.69868e-07, 0.000679793, 0.999996, 0.00285342, -9.69868e-07, -0.00285342, 0.999996, 0, 0, 0)
constraints/50/kusudama_twist = Transform3D(0.894427, -0.447214, -3.87896e-19, 0.447214, 0.894427, -2.00409e-17, -5.55112e-17, -4.25007e-17, 1, 0.000147965, 0.217661, 0.00062108)
constraints/50/kusudama_orientation = Transform3D(1, 0, 0, 0, 1, 8.67362e-19, -1.38778e-17, -8.67362e-19, 1, 0.000147965, 0.217661, 0.00062108)
constraints/50/bone_direction = Transform3D(0.999996, -0.0029461, -1.82028e-06, 0.0029461, 0.999995, 0.00123572, -1.82028e-06, -0.00123572, 0.999999, 0, 0, 0)
constraints/51/kusudama_twist = Transform3D(1, -1.9082e-17, 4.16334e-17, 2.0383e-17, 1, -6.93889e-18, -4.16334e-17, -3.46945e-18, 1, 0.000624299, 0.211906, 0.000261858)
constraints/51/kusudama_orientation = Transform3D(1, 2.60209e-18, 1.38778e-17, -2.1684e-18, 1, -3.46945e-18, -1.38778e-17, 0, 1, 0.000624299, 0.211906, 0.000261858)
constraints/51/bone_direction = Transform3D(0.999667, -0.0258197, -0.000210813, 0.0258197, 0.999533, 0.0163258, -0.000210813, -0.0163258, 0.999867, 0, 0, 0)
constraints/71/kusudama_twist = Transform3D(1.90494e-16, -1, 3.46945e-17, 1, 2.31369e-16, 4.33681e-17, 5.20417e-18, 1.38778e-17, 1, -0.0221645, 0.104655, -0.0296766)
constraints/71/kusudama_orientation = Transform3D(1, 0, 0, -1.0842e-19, 1, 6.93889e-18, 0, 6.93889e-18, 1, -0.0221645, 0.104655, -0.0296766)
constraints/71/bone_direction = Transform3D(1, 2.17427e-08, -1.54006e-09, -2.17427e-08, 0.990016, -0.140955, -1.54006e-09, 0.140955, 0.990016, 0, 0, 0)
constraints/72/kusudama_twist = Transform3D(0.718038, -0.694822, -0.0405461, 0.694822, 0.712207, 0.0999153, -0.0405461, -0.0999153, 0.994169, -1.86265e-09, 0.0848125, -0.0120753)
constraints/72/kusudama_orientation = Transform3D(1, 0, 0, 0, 1, 1.53957e-17, 0, -3.03577e-18, 1, -1.86266e-09, 0.0848125, -0.0120753)
constraints/72/bone_direction = Transform3D(1, 0.000680744, 9.70852e-07, -0.000680744, 0.999996, 0.00285232, 9.70852e-07, -0.00285232, 0.999996, 0, 0, 0)
constraints/73/kusudama_twist = Transform3D(0.894427, 0.447214, -1.05538e-16, -0.447214, 0.894427, -1.17401e-16, 1.54074e-33, 1.03216e-16, 1, -0.000148172, 0.217661, 0.000620842)
constraints/73/kusudama_orientation = Transform3D(1, -3.46945e-18, 0, 3.46945e-18, 1, -3.03577e-18, 6.93889e-18, 1.0842e-18, 1, -0.000148172, 0.217661, 0.000620842)
constraints/73/bone_direction = Transform3D(0.999996, 0.00294441, 1.81604e-06, -0.00294441, 0.999995, 0.00123355, 1.81604e-06, -0.00123355, 0.999999, 0, 0, 0)
constraints/74/kusudama_twist = Transform3D(1, 4.72712e-17, 3.18982e-34, -4.38018e-17, 1, 2.08167e-17, 0, 1.54074e-33, 1, -0.000623941, 0.211906, 0.000261398)
constraints/74/kusudama_orientation = Transform3D(1, 8.67362e-19, 0, 4.33681e-19, 1, 3.46945e-18, 0, 3.46945e-18, 1, -0.000623941, 0.211906, 0.000261398)
constraints/74/bone_direction = Transform3D(0.999668, 0.0257829, 0.000217689, -0.0257829, 0.999525, 0.0168823, 0.000217689, -0.0168823, 0.999857, 0, 0, 0)
constraints/94/kusudama_twist = Transform3D(-1, -0.000380172, -3.62645e-05, -0.000380172, 0.981966, 0.189059, -3.62645e-05, 0.189059, -0.981966, 0.0763605, -0.0393862, -0.00362057)
constraints/94/kusudama_orientation = Transform3D(1, 6.77626e-21, 2.71051e-20, -2.03288e-20, 1, 0, 0, -1.38778e-17, 1, 0.0763605, -0.0393862, -0.00362057)
constraints/94/bone_direction = Transform3D(0.999829, -0.0185069, 0.000158979, 0.0185069, 0.999681, -0.0171778, 0.000158979, 0.0171778, 0.999852, 0, 0, 0)
constraints/95/kusudama_twist = Transform3D(1, 9.62965e-35, 6.01853e-36, -8.89328e-19, 0.433189, 0.901303, -4.57908e-19, -0.901303, 0.433189, 0.00645694, 0.348783, -0.00599325)
constraints/95/kusudama_orientation = Transform3D(1, -5.42101e-19, 0, 1.0842e-18, 1, 6.93889e-18, 0, 0, 1, 0.00645694, 0.348783, -0.00599325)
constraints/95/bone_direction = Transform3D(0.99966, 0.0260593, 0.000674221, -0.0260593, 0.998323, 0.0517018, 0.000674221, -0.0517018, 0.998662, 0, 0, 0)
constraints/96/kusudama_twist = Transform3D(-1.25649e-17, 1, -2.77556e-17, -1, 1.33382e-17, 1.25903e-17, -7.77915e-18, -1.14686e-35, 1, -0.0106744, 0.408933, 0.0211781)
constraints/96/kusudama_orientation = Transform3D(1, 6.2511e-19, -4.06576e-20, -2.10911e-19, 1, -6.93889e-18, -4.06576e-20, 0, 1, -0.0106744, 0.408933, 0.0211781)
constraints/96/bone_direction = Transform3D(0.999984, -0.00556637, 0.000140978, 0.00556637, 0.998702, -0.0506208, 0.000140978, 0.0506208, 0.998718, 0, 0, 0)
constraints/114/kusudama_twist = Transform3D(-1, -0.000380172, -3.62645e-05, -0.000380172, 0.981966, 0.189059, -3.62645e-05, 0.189059, -0.981966, -0.0763606, -0.0393862, -0.00362056)
constraints/114/kusudama_orientation = Transform3D(1, 6.77626e-21, 2.71051e-20, -2.03288e-20, 1, 0, 0, -1.38778e-17, 1, -0.0763606, -0.0393862, -0.00362056)
constraints/114/bone_direction = Transform3D(0.999829, 0.0185082, -0.00015899, -0.0185082, 0.999681, -0.0171778, -0.00015899, 0.0171778, 0.999852, 0, 0, 0)
constraints/115/kusudama_twist = Transform3D(1, -1.0842e-18, -1.73472e-18, 8.23726e-18, 0.433189, 0.901303, 1.69836e-18, -0.901303, 0.433189, -0.0064574, 0.348783, -0.00599323)
constraints/115/kusudama_orientation = Transform3D(1, 0, 0, -1.0842e-19, 1, -6.93889e-18, 1.73472e-18, -6.93889e-18, 1, -0.0064574, 0.348783, -0.00599323)
constraints/115/bone_direction = Transform3D(0.99966, -0.0260612, -0.000674272, 0.0260612, 0.998322, 0.0517018, -0.000674272, -0.0517018, 0.998662, 0, 0, 0)
constraints/116/kusudama_twist = Transform3D(5.24103e-16, 1, 2.08167e-17, -1, 5.77446e-16, 6.93889e-18, 2.08167e-17, 1.38778e-17, 1, 0.0106752, 0.408933, 0.0211781)
constraints/116/kusudama_orientation = Transform3D(1, 2.1684e-19, 6.93889e-18, 0, 1, 0, 6.93889e-18, -6.93889e-18, 1, 0.0106752, 0.408933, 0.0211781)
constraints/116/bone_direction = Transform3D(0.999999, -0.0015168, 3.76666e-05, 0.0015168, 0.998766, -0.0496353, 3.76666e-05, 0.0496353, 0.998767, 0, 0, 0)

[node name="RightFoot" parent="666344209642962256/GeneralSkeleton/ManyBoneIK3D" index="6"]
transform = Transform3D(-1, 0, 0, 0, -2.22045e-16, 1, 0, 1, 2.22045e-16, 0, 0, 0)

[node name="Black Cat Fire Christmas 2022" parent="." instance=ExtResource("1_vage1")]

[node name="GeneralSkeleton" parent="Black Cat Fire Christmas 2022" index="0"]
bones/1/position = Vector3(-0.000231912, 0.896172, 0.0120455)
bones/2/position = Vector3(0.190448, -0.0180032, 0.00809027)
bones/3/position = Vector3(-1.49012e-08, 0, 0)
bones/4/position = Vector3(0.0514075, -0.131807, -0.00857055)
bones/5/position = Vector3(0.0415333, -0.125773, -0.00722464)
bones/6/position = Vector3(-0.190447, -0.0180034, 0.00809028)
bones/7/position = Vector3(-1.49012e-08, 0, -3.72529e-09)
bones/8/position = Vector3(-0.0514073, -0.131807, -0.00857055)
bones/9/position = Vector3(-0.0415333, -0.125773, -0.00722462)
bones/10/position = Vector3(5.06406e-09, 0.051563, 0.0123953)
bones/11/position = Vector3(9.70609e-09, 0.11191, 0.00302007)
bones/12/position = Vector3(-4.40923e-09, 0.106593, -0.0145037)
bones/13/position = Vector3(0.0532141, -0.00718558, 0.0683069)
bones/14/position = Vector3(0.0254035, 0.00607991, 0.0494126)
bones/15/position = Vector3(-0.0532141, -0.00718558, 0.0683069)
bones/16/position = Vector3(-0.0254035, 0.00607991, 0.0494126)
bones/17/position = Vector3(-6.51926e-09, 0.130998, -0.0379822)
bones/18/position = Vector3(3.2087e-08, 0.0722129, 0.00903512)
bones/19/position = Vector3(0.0172225, 0.062267, 0.0213073)
bones/20/position = Vector3(-0.0172225, 0.062267, 0.0213073)
bones/21/position = Vector3(0.0146427, 0.0943517, 0.109565)
bones/22/position = Vector3(0.0439813, 0.0905977, 0.0981873)
bones/23/position = Vector3(-0.0530857, 0.0906577, 0.0928712)
bones/24/position = Vector3(0.0636816, 0.0761398, 0.0814278)
bones/25/position = Vector3(0.0736907, 0.0421695, 0.0593943)
bones/26/position = Vector3(-0.0736134, 0.0415136, 0.0592559)
bones/27/position = Vector3(-0.0642004, -0.0811568, -0.0733366)
bones/28/position = Vector3(-0.000193502, -0.101838, -0.0869601)
bones/29/position = Vector3(0.0537261, -0.0875516, -0.077579)
bones/30/position = Vector3(0.100391, 0.000101089, 0.00823336)
bones/31/position = Vector3(-0.111462, 0.000760198, 0.00822112)
bones/32/position = Vector3(0.0817851, 0.165675, 0.000595715)
bones/33/position = Vector3(0, 0, -1.86264e-09)
bones/34/position = Vector3(0.0464001, 0.0663677, 0.0234933)
bones/35/position = Vector3(-0.081785, 0.165675, 0.000595767)
bones/36/position = Vector3(0, 0, 1.02445e-08)
bones/37/position = Vector3(-0.0464, 0.0663678, 0.0234933)
bones/38/position = Vector3(-0.0489245, 0.117383, 0.115434)
bones/39/position = Vector3(0.0221645, 0.104655, -0.0296766)
bones/40/position = Vector3(1.86264e-09, 0.0848126, -0.0120752)
bones/41/position = Vector3(0.000147959, 0.217661, 0.0006212)
bones/42/position = Vector3(0.000624299, 0.211906, 0.000261863)
bones/43/position = Vector3(-0.0192757, 0.0646013, -0.00702643)
bones/44/position = Vector3(-4.42465e-05, 0.0327898, 0.000158548)
bones/45/position = Vector3(0.000203927, 0.0201756, 0.00067997)
bones/46/position = Vector3(0.0288766, 0.0602461, -0.00663566)
bones/47/position = Vector3(0.000194121, 0.0309896, 0.00016892)
bones/48/position = Vector3(0.000111565, 0.0178601, 0.000145078)
bones/49/position = Vector3(-0.00190952, 0.0654675, -0.00686979)
bones/50/position = Vector3(8.11564e-05, 0.0365231, 0.000246882)
bones/51/position = Vector3(5.00036e-05, 0.0225318, 0.000161767)
bones/52/position = Vector3(0.0135082, 0.0647106, -0.00674033)
bones/53/position = Vector3(0.000190619, 0.0338794, 0.000209332)
bones/54/position = Vector3(0.000110017, 0.0195519, 0.000121474)
bones/55/position = Vector3(-0.0158254, 0.00342071, 0.00975502)
bones/56/position = Vector3(-0.0023588, 0.0457019, -0.00432568)
bones/57/position = Vector3(-0.00128638, 0.0282111, -0.00138109)
bones/58/position = Vector3(0.00799221, -0.00484871, 0.0157121)
bones/59/position = Vector3(0.0023832, 0.0449289, 0.00449073)
bones/60/position = Vector3(0.0201728, 0.102518, 0.00207334)
bones/61/position = Vector3(0.0770936, 0.00506979, 0.00374565)
bones/62/position = Vector3(-0.0221645, 0.104655, -0.0296766)
bones/63/position = Vector3(-1.86264e-09, 0.0848125, -0.0120753)
bones/64/position = Vector3(-0.000148171, 0.217661, 0.000620842)
bones/65/position = Vector3(-0.00062406, 0.211906, 0.000261395)
bones/66/position = Vector3(0.0192756, 0.0646013, -0.00702656)
bones/67/position = Vector3(4.44459e-05, 0.0327898, 0.000158429)
bones/68/position = Vector3(-0.000203799, 0.0201756, 0.00067997)
bones/69/position = Vector3(-0.0288766, 0.0602459, -0.00663578)
bones/70/position = Vector3(-0.000193488, 0.0309896, 0.000168681)
bones/71/position = Vector3(-0.000111207, 0.0178603, 0.00014472)
bones/72/position = Vector3(0.00190939, 0.0654675, -0.00686991)
bones/73/position = Vector3(-8.12179e-05, 0.0365232, 0.000246524)
bones/74/position = Vector3(-5.00446e-05, 0.0225319, 0.000161767)
bones/75/position = Vector3(-0.0135084, 0.0647106, -0.00674057)
bones/76/position = Vector3(-0.000190495, 0.0338796, 0.000209451)
bones/77/position = Vector3(-0.000109946, 0.0195518, 0.000121355)
bones/78/position = Vector3(0.0158254, 0.00342083, 0.00975493)
bones/79/position = Vector3(0.0023365, 0.0457017, -0.00434064)
bones/80/position = Vector3(0.00127316, 0.0282113, -0.0013882)
bones/81/position = Vector3(-0.00799219, -0.00484866, 0.0157121)
bones/82/position = Vector3(-0.00238327, 0.0449288, 0.00449061)
bones/83/position = Vector3(-0.0201728, 0.102518, 0.00207323)
bones/84/position = Vector3(-0.0770936, 0.00506982, 0.00374614)
bones/85/position = Vector3(0.0763605, -0.0393862, -0.00362056)
bones/86/position = Vector3(0.00645694, 0.348783, -0.00599323)
bones/87/position = Vector3(-0.0106744, 0.408933, 0.0211781)
bones/88/position = Vector3(0.00228127, 0.109638, -0.0608564)
bones/89/position = Vector3(0.0124926, -0.0336269, -0.127757)
bones/91/position = Vector3(-0.0230997, 0.120839, -0.0556245)
bones/92/position = Vector3(-0.0229167, 0.122336, -0.0506407)
bones/93/position = Vector3(-0.0111086, -0.00415224, 0.142005)
bones/94/position = Vector3(0, 5.96046e-08, 0)
bones/95/position = Vector3(-0.0216237, 0.122613, 0.0177881)
bones/96/position = Vector3(-0.026217, 0.149689, 0.0220936)
bones/97/position = Vector3(-0.0763605, -0.0393862, -0.00362055)
bones/98/position = Vector3(-0.00645741, 0.348783, -0.00599312)
bones/99/position = Vector3(0.0106752, 0.408933, 0.021178)
bones/100/position = Vector3(-0.00228185, 0.109639, -0.0608561)
bones/101/position = Vector3(-0.0124943, -0.0336267, -0.127757)
bones/102/position = Vector3(0, 0, 7.45058e-09)
bones/103/position = Vector3(0.0230989, 0.12084, -0.0556247)
bones/104/position = Vector3(0.0229164, 0.122335, -0.0506409)
bones/105/position = Vector3(0.0111107, -0.004152, 0.142005)
bones/107/position = Vector3(0.0216238, 0.122612, 0.0177878)
bones/108/position = Vector3(0.0262166, 0.149689, 0.0220934)

[node name="RenIK" parent="Black Cat Fire Christmas 2022/GeneralSkeleton" index="0"]
armature_skeleton_path = NodePath("/root/@@16564/@@655/@@656/@@665/@@668/@@676/@@684/@@685/@@687/@@713/@@714/@@753/MainScreen/@@9722/@@9549/@@9551/@@9553/@@9554/@@9555/@@9556/Node3D/Black Cat Fire Christmas 2022/GeneralSkeleton")

[node name="LeftFoot" parent="Black Cat Fire Christmas 2022/GeneralSkeleton" index="8"]
transform = Transform3D(-1, 0, 0, 0, -2.22045e-16, 1, 0, 1, 2.22045e-16, 0, 0, 0)

[node name="RightFoot" parent="Black Cat Fire Christmas 2022/GeneralSkeleton" index="9"]
transform = Transform3D(-1, 0, 0, 0, -2.22045e-16, 1, 0, 1, 2.22045e-16, -0.167145, 0.0990702, -0.0479346)

[editable path="666344209642962256"]
[editable path="Black Cat Fire Christmas 2022"]
