[gd_scene load_steps=3 format=3 uid="uid://bj2vfa1t7v4ka"]

[ext_resource type="PackedScene" uid="uid://bkcqsn12j6qyo" path="res://SK_black_cat_christmas/scenes/manyboneik.tscn" id="1_omavl"]
[ext_resource type="PackedScene" uid="uid://q6dplxqrb08h" path="res://SK_black_cat_christmas/scenes/renik.tscn" id="1_vage1"]

[node name="Node3D" type="Node3D"]

[node name="RENIK" parent="." instance=ExtResource("1_vage1")]

[node name="GeneralSkeleton" parent="RENIK" index="0"]
bones/1/position = Vector3(-0.000231912, 0.896172, 0.0120455)
bones/2/position = Vector3(0.190448, -0.0180032, 0.00809027)
bones/3/position = Vector3(-1.49012e-08, 0, 0)
bones/4/position = Vector3(0.0514075, -0.131807, -0.00857055)
bones/5/position = Vector3(0.0415333, -0.125773, -0.00722464)
bones/6/position = Vector3(-0.190447, -0.0180034, 0.00809028)
bones/7/position = Vector3(-1.49012e-08, 0, -3.72529e-09)
bones/8/position = Vector3(-0.0514073, -0.131807, -0.00857055)
bones/9/position = Vector3(-0.0415333, -0.125773, -0.00722462)
bones/10/position = Vector3(5.06406e-09, 0.051563, 0.0123953)
bones/11/position = Vector3(9.70609e-09, 0.11191, 0.00302007)
bones/12/position = Vector3(-4.40923e-09, 0.106593, -0.0145037)
bones/13/position = Vector3(0.0532141, -0.00718558, 0.0683069)
bones/14/position = Vector3(0.0254035, 0.00607991, 0.0494126)
bones/15/position = Vector3(-0.0532141, -0.00718558, 0.0683069)
bones/16/position = Vector3(-0.0254035, 0.00607991, 0.0494126)
bones/17/position = Vector3(-6.51926e-09, 0.130998, -0.0379822)
bones/18/position = Vector3(3.2087e-08, 0.0722129, 0.00903512)
bones/19/position = Vector3(0.0172225, 0.062267, 0.0213073)
bones/20/position = Vector3(-0.0172225, 0.062267, 0.0213073)
bones/21/position = Vector3(0.0146427, 0.0943517, 0.109565)
bones/22/position = Vector3(0.0439813, 0.0905977, 0.0981873)
bones/23/position = Vector3(-0.0530857, 0.0906577, 0.0928712)
bones/24/position = Vector3(0.0636816, 0.0761398, 0.0814278)
bones/25/position = Vector3(0.0736907, 0.0421695, 0.0593943)
bones/26/position = Vector3(-0.0736134, 0.0415136, 0.0592559)
bones/27/position = Vector3(-0.0642004, -0.0811568, -0.0733366)
bones/28/position = Vector3(-0.000193502, -0.101838, -0.0869601)
bones/29/position = Vector3(0.0537261, -0.0875516, -0.077579)
bones/30/position = Vector3(0.100391, 0.000101089, 0.00823336)
bones/31/position = Vector3(-0.111462, 0.000760198, 0.00822112)
bones/32/position = Vector3(0.0817851, 0.165675, 0.000595715)
bones/33/position = Vector3(0, 0, -1.86264e-09)
bones/34/position = Vector3(0.0464001, 0.0663677, 0.0234933)
bones/35/position = Vector3(-0.081785, 0.165675, 0.000595767)
bones/36/position = Vector3(0, 0, 1.02445e-08)
bones/37/position = Vector3(-0.0464, 0.0663678, 0.0234933)
bones/38/position = Vector3(-0.0489245, 0.117383, 0.115434)
bones/39/position = Vector3(0.0221645, 0.104655, -0.0296766)
bones/40/position = Vector3(1.86264e-09, 0.0848126, -0.0120752)
bones/41/position = Vector3(0.000147959, 0.217661, 0.0006212)
bones/42/position = Vector3(0.000624299, 0.211906, 0.000261863)
bones/43/position = Vector3(-0.0192757, 0.0646013, -0.00702643)
bones/44/position = Vector3(-4.42465e-05, 0.0327898, 0.000158548)
bones/45/position = Vector3(0.000203927, 0.0201756, 0.00067997)
bones/46/position = Vector3(0.0288766, 0.0602461, -0.00663566)
bones/47/position = Vector3(0.000194121, 0.0309896, 0.00016892)
bones/48/position = Vector3(0.000111565, 0.0178601, 0.000145078)
bones/49/position = Vector3(-0.00190952, 0.0654675, -0.00686979)
bones/50/position = Vector3(8.11564e-05, 0.0365231, 0.000246882)
bones/51/position = Vector3(5.00036e-05, 0.0225318, 0.000161767)
bones/52/position = Vector3(0.0135082, 0.0647106, -0.00674033)
bones/53/position = Vector3(0.000190619, 0.0338794, 0.000209332)
bones/54/position = Vector3(0.000110017, 0.0195519, 0.000121474)
bones/55/position = Vector3(-0.0158254, 0.00342071, 0.00975502)
bones/56/position = Vector3(-0.0023588, 0.0457019, -0.00432568)
bones/57/position = Vector3(-0.00128638, 0.0282111, -0.00138109)
bones/58/position = Vector3(0.00799221, -0.00484871, 0.0157121)
bones/59/position = Vector3(0.0023832, 0.0449289, 0.00449073)
bones/60/position = Vector3(0.0201728, 0.102518, 0.00207334)
bones/61/position = Vector3(0.0770936, 0.00506979, 0.00374565)
bones/62/position = Vector3(-0.0221645, 0.104655, -0.0296766)
bones/63/position = Vector3(-1.86264e-09, 0.0848125, -0.0120753)
bones/64/position = Vector3(-0.000148171, 0.217661, 0.000620842)
bones/65/position = Vector3(-0.00062406, 0.211906, 0.000261395)
bones/66/position = Vector3(0.0192756, 0.0646013, -0.00702656)
bones/67/position = Vector3(4.44459e-05, 0.0327898, 0.000158429)
bones/68/position = Vector3(-0.000203799, 0.0201756, 0.00067997)
bones/69/position = Vector3(-0.0288766, 0.0602459, -0.00663578)
bones/70/position = Vector3(-0.000193488, 0.0309896, 0.000168681)
bones/71/position = Vector3(-0.000111207, 0.0178603, 0.00014472)
bones/72/position = Vector3(0.00190939, 0.0654675, -0.00686991)
bones/73/position = Vector3(-8.12179e-05, 0.0365232, 0.000246524)
bones/74/position = Vector3(-5.00446e-05, 0.0225319, 0.000161767)
bones/75/position = Vector3(-0.0135084, 0.0647106, -0.00674057)
bones/76/position = Vector3(-0.000190495, 0.0338796, 0.000209451)
bones/77/position = Vector3(-0.000109946, 0.0195518, 0.000121355)
bones/78/position = Vector3(0.0158254, 0.00342083, 0.00975493)
bones/79/position = Vector3(0.0023365, 0.0457017, -0.00434064)
bones/80/position = Vector3(0.00127316, 0.0282113, -0.0013882)
bones/81/position = Vector3(-0.00799219, -0.00484866, 0.0157121)
bones/82/position = Vector3(-0.00238327, 0.0449288, 0.00449061)
bones/83/position = Vector3(-0.0201728, 0.102518, 0.00207323)
bones/84/position = Vector3(-0.0770936, 0.00506982, 0.00374614)
bones/85/position = Vector3(0.0763605, -0.0393862, -0.00362056)
bones/86/position = Vector3(0.00645694, 0.348783, -0.00599323)
bones/87/position = Vector3(-0.0106744, 0.408933, 0.0211781)
bones/88/position = Vector3(0.00228127, 0.109638, -0.0608564)
bones/89/position = Vector3(0.0124926, -0.0336269, -0.127757)
bones/91/position = Vector3(-0.0230997, 0.120839, -0.0556245)
bones/92/position = Vector3(-0.0229167, 0.122336, -0.0506407)
bones/93/position = Vector3(-0.0111086, -0.00415224, 0.142005)
bones/94/position = Vector3(0, 5.96046e-08, 0)
bones/95/position = Vector3(-0.0216237, 0.122613, 0.0177881)
bones/96/position = Vector3(-0.026217, 0.149689, 0.0220936)
bones/97/position = Vector3(-0.0763605, -0.0393862, -0.00362055)
bones/98/position = Vector3(-0.00645741, 0.348783, -0.00599312)
bones/99/position = Vector3(0.0106752, 0.408933, 0.021178)
bones/100/position = Vector3(-0.00228185, 0.109639, -0.0608561)
bones/101/position = Vector3(-0.0124943, -0.0336267, -0.127757)
bones/102/position = Vector3(0, 0, 7.45058e-09)
bones/103/position = Vector3(0.0230989, 0.12084, -0.0556247)
bones/104/position = Vector3(0.0229164, 0.122335, -0.0506409)
bones/105/position = Vector3(0.0111107, -0.004152, 0.142005)
bones/107/position = Vector3(0.0216238, 0.122612, 0.0177878)
bones/108/position = Vector3(0.0262166, 0.149689, 0.0220934)

[node name="ManyBoneIK3D" parent="RENIK/GeneralSkeleton" index="3"]
visible = false
constraints/0/bone_direction = Transform3D(1, 0.000258757, 1.73891e-06, -0.000258757, 0.99991, 0.0134399, 1.73891e-06, -0.0134399, 0.99991, 0, 0, 0)
constraints/1/kusudama_twist = Transform3D(0.999914, -0.000533991, -0.0131337, 0.000533991, -0.996699, 0.0811783, -0.0131337, -0.0811783, -0.996613, -0.000231912, 0.896172, 0.0120455)
constraints/1/kusudama_orientation = Transform3D(1, 0, 0, 0, 1, 0, 0, 0, 1, -0.000231912, 0.896172, 0.0120455)
constraints/1/bone_direction = Transform3D(1, -1.82862e-07, -1.94786e-06, 1.82862e-07, -0.982528, 0.186117, -1.94786e-06, -0.186117, -0.982528, 0, 0, 0)
constraints/10/kusudama_twist = Transform3D(1, 0, 0, -2.40741e-35, 1, 1.38778e-17, -1.50463e-36, -1.38778e-17, 1, 5.06406e-09, 0.051563, 0.0123953)
constraints/10/kusudama_orientation = Transform3D(1, 0, 0, 0, 1, 0, 0, 0, 1, 5.06406e-09, 0.051563, 0.0123953)
constraints/10/bone_direction = Transform3D(1, -8.66993e-08, -1.16964e-09, 8.66993e-08, 0.999636, 0.0269766, -1.16964e-09, -0.0269766, 0.999636, 0, 0, 0)
constraints/11/kusudama_twist = Transform3D(1, -5.42101e-20, 3.00927e-36, 1.6263e-19, 1, -6.93889e-17, 0, -1.38778e-17, 1, 9.70609e-09, 0.11191, 0.00302007)
constraints/11/kusudama_orientation = Transform3D(1, 0, 0, 0, 1, -1.38778e-17, 0, -1.38778e-17, 1, 9.70609e-09, 0.11191, 0.00302007)
constraints/11/bone_direction = Transform3D(1, 4.09873e-08, -2.7757e-09, -4.09873e-08, 0.99087, -0.134824, -2.7757e-09, 0.134824, 0.99087, 0, 0, 0)
constraints/12/kusudama_twist = Transform3D(1, 0, 0, 1.30104e-18, 1, -5.55112e-17, -5.20417e-18, 0, 1, -4.40923e-09, 0.106593, -0.0145037)
constraints/12/kusudama_orientation = Transform3D(1, 0, 0, 4.33681e-19, 1, -2.77556e-17, -1.73472e-18, 0, 1, -4.40923e-09, 0.106593, -0.0145037)
constraints/12/bone_direction = Transform3D(1, 1.84184e-08, -2.58225e-09, -1.84184e-08, 0.961446, -0.274994, -2.58225e-09, 0.274994, 0.961446, 0, 0, 0)
constraints/17/kusudama_twist = Transform3D(1, -3.25261e-19, -1.50463e-36, 0, 1, 2.08167e-17, 0, 2.08167e-17, 1, -6.51926e-09, 0.130998, -0.0379822)
constraints/17/kusudama_orientation = Transform3D(1, -1.0842e-19, 0, 0, 1, 6.93889e-18, 0, 6.93889e-18, 1, -6.51926e-09, 0.130998, -0.0379822)
constraints/17/bone_direction = Transform3D(1, -4.40901e-07, -2.74752e-08, 4.40901e-07, 0.992263, 0.12415, -2.74752e-08, -0.12415, 0.992263, 0, 0, 0)
constraints/18/kusudama_twist = Transform3D(1, 3.65918e-19, 0, -2.98156e-19, 1, -2.77556e-17, 2.63311e-36, -1.11022e-16, 1, 3.2087e-08, 0.0722129, 0.00903512)
constraints/18/kusudama_orientation = Transform3D(1, 1.49078e-19, 0, -8.13152e-20, 1, 0, 0, -5.55112e-17, 1, 3.2087e-08, 0.0722129, 0.00903512)
constraints/18/bone_direction = Transform3D(1, -0.000665448, 4.77356e-05, 0.000665448, 0.989761, -0.142734, 4.77356e-05, 0.142734, 0.989761, 0, 0, 0)
constraints/39/kusudama_twist = Transform3D(1.40187e-16, 1, -4.16334e-17, -1, 9.3133e-17, 4.51028e-17, -1.21431e-17, 0, 1, 0.0221645, 0.104655, -0.0296766)
constraints/39/kusudama_orientation = Transform3D(1, -1.0842e-19, 0, 0, 1, 6.93889e-18, 0, 6.93889e-18, 1, 0.0221645, 0.104655, -0.0296766)
constraints/39/bone_direction = Transform3D(1, -2.17426e-08, 1.54004e-09, 2.17426e-08, 0.990016, -0.140954, 1.54004e-09, 0.140954, 0.990016, 0, 0, 0)
constraints/40/kusudama_twist = Transform3D(0.624649, 0.765446, 0.154615, -0.765446, 0.56096, 0.315303, 0.154615, -0.315303, 0.936311, 1.86264e-09, 0.0848126, -0.0120752)
constraints/40/kusudama_orientation = Transform3D(1, -1.38778e-17, 0, 0, 1, -6.93889e-18, -5.55112e-17, -2.08167e-17, 1, 1.86264e-09, 0.0848126, -0.0120752)
constraints/40/bone_direction = Transform3D(1, -0.000679766, -9.70019e-07, 0.000679766, 0.999996, 0.00285397, -9.70019e-07, -0.00285397, 0.999996, 0, 0, 0)
constraints/41/kusudama_twist = Transform3D(0.894427, -0.447214, -1.03657e-17, 0.447214, 0.894427, 3.01429e-19, 5.55112e-17, 8.67362e-19, 1, 0.000147959, 0.217661, 0.0006212)
constraints/41/kusudama_orientation = Transform3D(1, 3.46945e-18, -1.38778e-17, -3.46945e-18, 1, -1.0842e-18, 1.38778e-17, 2.1684e-18, 1, 0.000147959, 0.217661, 0.0006212)
constraints/41/bone_direction = Transform3D(0.999996, -0.00294609, -1.82031e-06, 0.00294609, 0.999995, 0.00123574, -1.82031e-06, -0.00123574, 0.999999, 0, 0, 0)
constraints/42/kusudama_twist = Transform3D(1, -8.67362e-19, -8.42594e-35, -1.86483e-17, 1, -2.08167e-17, -4.16334e-17, -3.46945e-18, 1, 0.000624299, 0.211906, 0.000261863)
constraints/42/kusudama_orientation = Transform3D(1, -4.33681e-18, 0, -2.60209e-18, 1, -6.93889e-18, -1.38778e-17, 0, 1, 0.000624299, 0.211906, 0.000261863)
constraints/42/bone_direction = Transform3D(0.999719, -0.0236923, -0.000193761, 0.0236923, 0.999586, 0.016353, -0.000193761, -0.016353, 0.999866, 0, 0, 0)
constraints/62/kusudama_twist = Transform3D(3.62774e-16, -1, 4.16334e-17, 1, 3.13226e-16, 5.0307e-17, 1.56125e-17, 1.38778e-17, 1, -0.0221645, 0.104655, -0.0296766)
constraints/62/kusudama_orientation = Transform3D(1, -1.0842e-19, 0, 0, 1, 6.93889e-18, 0, 6.93889e-18, 1, -0.0221645, 0.104655, -0.0296766)
constraints/62/bone_direction = Transform3D(1, 2.17426e-08, -1.54005e-09, -2.17426e-08, 0.990016, -0.140955, -1.54005e-09, 0.140955, 0.990016, 0, 0, 0)
constraints/63/kusudama_twist = Transform3D(0.718038, -0.694822, -0.0405461, 0.694822, 0.712207, 0.0999153, -0.0405461, -0.0999153, 0.994169, -1.86264e-09, 0.0848125, -0.0120753)
constraints/63/kusudama_orientation = Transform3D(1, 0, 3.46945e-18, 0, 1, -7.86047e-18, -3.46945e-18, 6.9931e-18, 1, -1.86264e-09, 0.0848125, -0.0120753)
constraints/63/bone_direction = Transform3D(1, 0.000680742, 9.70852e-07, -0.000680742, 0.999996, 0.00285233, 9.70852e-07, -0.00285233, 0.999996, 0, 0, 0)
constraints/64/kusudama_twist = Transform3D(0.894427, 0.447214, -9.46022e-17, -0.447214, 0.894427, 3.93925e-17, -1.38778e-17, 5.85469e-18, 1, -0.000148171, 0.217661, 0.000620842)
constraints/64/kusudama_orientation = Transform3D(1, 0, -1.38778e-17, 0, 1, -1.0842e-18, 0, 1.0842e-18, 1, -0.000148171, 0.217661, 0.000620842)
constraints/64/bone_direction = Transform3D(0.999996, 0.00294497, 1.81636e-06, -0.00294497, 0.999995, 0.00123353, 1.81636e-06, -0.00123353, 0.999999, 0, 0, 0)
constraints/65/kusudama_twist = Transform3D(1, -2.29851e-17, 0, 3.51282e-17, 1, 0, -4.16334e-17, 1.38778e-17, 1, -0.00062406, 0.211906, 0.000261395)
constraints/65/kusudama_orientation = Transform3D(1, 4.33681e-19, 0, 3.46945e-18, 1, 0, -1.38778e-17, 3.46945e-18, 1, -0.00062406, 0.211906, 0.000261395)
constraints/65/bone_direction = Transform3D(0.999722, 0.0235685, 0.000200382, -0.0235685, 0.999578, 0.0170006, 0.000200382, -0.0170006, 0.999855, 0, 0, 0)
constraints/85/kusudama_twist = Transform3D(-1, -0.000307084, -3.26544e-05, -0.000307084, 0.977638, 0.210296, -3.26544e-05, 0.210296, -0.977638, 0.0763605, -0.0393862, -0.00362056)
constraints/85/kusudama_orientation = Transform3D(1, 0, 0, 0, 1, 0, 0, 0, 1, 0.0763605, -0.0393862, -0.00362056)
constraints/85/bone_direction = Transform3D(0.999829, -0.0185069, 0.000158979, 0.0185069, 0.999681, -0.0171778, 0.000158979, 0.0171778, 0.999852, 0, 0, 0)
constraints/86/kusudama_twist = Transform3D(1, -3.25938e-18, 6.59012e-37, 1.02739e-20, 0.433189, 0.901303, 8.45986e-19, -0.901303, 0.433189, 0.00645694, 0.348783, -0.00599323)
constraints/86/kusudama_orientation = Transform3D(1, -1.11808e-19, 0, 2.37169e-20, 1, -2.1684e-19, 0, 0, 1, 0.00645694, 0.348783, -0.00599323)
constraints/86/bone_direction = Transform3D(0.99966, 0.0260592, 0.000674219, -0.0260592, 0.998323, 0.0517017, 0.000674219, -0.0517017, 0.998662, 0, 0, 0)
constraints/87/kusudama_twist = Transform3D(3.67769e-16, 1, -1.21431e-17, -1, 3.30374e-16, -1.09437e-18, 3.04932e-20, 1.73472e-18, 1, -0.0106744, 0.408933, 0.0211781)
constraints/87/kusudama_orientation = Transform3D(1, 5.28866e-20, -3.38813e-21, 1.12523e-19, 1, 0, 0, 0, 1, -0.0106744, 0.408933, 0.0211781)
constraints/87/bone_direction = Transform3D(1, 0.000596435, -2.83294e-06, -0.000596435, 0.999955, -0.00949935, -2.83294e-06, 0.00949935, 0.999955, 0, 0, 0)
constraints/97/kusudama_twist = Transform3D(-1, -0.000307084, -3.26544e-05, -0.000307084, 0.977638, 0.210296, -3.26544e-05, 0.210296, -0.977638, -0.0763605, -0.0393862, -0.00362055)
constraints/97/kusudama_orientation = Transform3D(1, 0, 0, 0, 1, 0, 0, 0, 1, -0.0763605, -0.0393862, -0.00362055)
constraints/97/bone_direction = Transform3D(0.999829, 0.0185082, -0.000158987, -0.0185082, 0.999681, -0.0171775, -0.000158987, 0.0171775, 0.999852, 0, 0, 0)
constraints/98/kusudama_twist = Transform3D(1, -6.23416e-19, 3.46945e-18, 1.7739e-18, 0.433189, 0.901303, 7.08954e-19, -0.901303, 0.433189, -0.00645741, 0.348783, -0.00599312)
constraints/98/kusudama_orientation = Transform3D(1, -8.13152e-20, 0, 4.74338e-19, 1, 0, 1.73472e-18, 0, 1, -0.00645741, 0.348783, -0.00599312)
constraints/98/bone_direction = Transform3D(0.99966, -0.0260612, -0.000674267, 0.0260612, 0.998322, 0.0517015, -0.000674267, -0.0517015, 0.998662, 0, 0, 0)
constraints/99/kusudama_twist = Transform3D(3.01788e-16, 1, 5.9848e-17, -1, 3.21303e-16, -6.93889e-18, -1.38778e-17, 4.33681e-18, 1, 0.0106752, 0.408933, 0.021178)
constraints/99/kusudama_orientation = Transform3D(1, 2.71051e-19, 0, 3.52366e-19, 1, 8.67362e-19, 0, 8.67362e-19, 1, 0.0106752, 0.408933, 0.021178)
constraints/99/bone_direction = Transform3D(0.999991, -0.00428957, 1.68923e-05, 0.00428957, 0.99996, -0.00787584, 1.68923e-05, 0.00787584, 0.999969, 0, 0, 0)

[node name="Label3D" type="Label3D" parent="RENIK"]
transform = Transform3D(1, 0, 0, 0, 1, 0, 0, 0, 1, 0, 1.8, 0)
text = "RenIK"

[node name="ManyBoneIk" parent="." instance=ExtResource("1_omavl")]
transform = Transform3D(1, 0, 0, 0, 1, 0, 0, 0, 1, 1.63357, 0, 0)

[node name="GeneralSkeleton" parent="ManyBoneIk" index="0"]
bones/1/position = Vector3(-0.000231912, 0.896172, 0.0120455)
bones/2/position = Vector3(0.190448, -0.0180032, 0.00809027)
bones/3/position = Vector3(-1.49012e-08, 0, 0)
bones/4/position = Vector3(0.0514075, -0.131807, -0.00857055)
bones/5/position = Vector3(0.0415333, -0.125773, -0.00722464)
bones/6/position = Vector3(-0.190447, -0.0180034, 0.00809028)
bones/7/position = Vector3(-1.49012e-08, 0, -3.72529e-09)
bones/8/position = Vector3(-0.0514073, -0.131807, -0.00857055)
bones/9/position = Vector3(-0.0415333, -0.125773, -0.00722462)
bones/10/position = Vector3(5.06406e-09, 0.051563, 0.0123953)
bones/11/position = Vector3(9.70609e-09, 0.11191, 0.00302007)
bones/12/position = Vector3(-4.40923e-09, 0.106593, -0.0145037)
bones/13/position = Vector3(0.0532141, -0.00718558, 0.0683069)
bones/14/position = Vector3(0.0254035, 0.00607991, 0.0494126)
bones/15/position = Vector3(-0.0532141, -0.00718558, 0.0683069)
bones/16/position = Vector3(-0.0254035, 0.00607991, 0.0494126)
bones/17/position = Vector3(-6.51926e-09, 0.130998, -0.0379822)
bones/18/position = Vector3(3.2087e-08, 0.0722129, 0.00903512)
bones/19/position = Vector3(0.0172225, 0.062267, 0.0213073)
bones/20/position = Vector3(-0.0172225, 0.062267, 0.0213073)
bones/21/position = Vector3(0.0146427, 0.0943517, 0.109565)
bones/22/position = Vector3(0.0439813, 0.0905977, 0.0981873)
bones/23/position = Vector3(-0.0530857, 0.0906577, 0.0928712)
bones/24/position = Vector3(0.0636816, 0.0761398, 0.0814278)
bones/25/position = Vector3(0.0736907, 0.0421695, 0.0593943)
bones/26/position = Vector3(-0.0736134, 0.0415136, 0.0592559)
bones/27/position = Vector3(-0.0642004, -0.0811568, -0.0733366)
bones/28/position = Vector3(-0.000193502, -0.101838, -0.0869601)
bones/29/position = Vector3(0.0537261, -0.0875516, -0.077579)
bones/30/position = Vector3(0.100391, 0.000101089, 0.00823336)
bones/31/position = Vector3(-0.111462, 0.000760198, 0.00822112)
bones/32/position = Vector3(0.0817851, 0.165675, 0.000595715)
bones/33/position = Vector3(0, 0, -1.86264e-09)
bones/34/position = Vector3(0.0464001, 0.0663677, 0.0234933)
bones/35/position = Vector3(-0.081785, 0.165675, 0.000595767)
bones/36/position = Vector3(0, 0, 1.02445e-08)
bones/37/position = Vector3(-0.0464, 0.0663678, 0.0234933)
bones/38/position = Vector3(-0.0489245, 0.117383, 0.115434)
bones/39/position = Vector3(0.0221645, 0.104655, -0.0296766)
bones/40/position = Vector3(1.86264e-09, 0.0848126, -0.0120752)
bones/41/position = Vector3(0.000147959, 0.217661, 0.0006212)
bones/42/position = Vector3(0.000624299, 0.211906, 0.000261863)
bones/43/position = Vector3(-0.0192757, 0.0646013, -0.00702643)
bones/44/position = Vector3(-4.42465e-05, 0.0327898, 0.000158548)
bones/45/position = Vector3(0.000203927, 0.0201756, 0.00067997)
bones/46/position = Vector3(0.0288766, 0.0602461, -0.00663566)
bones/47/position = Vector3(0.000194121, 0.0309896, 0.00016892)
bones/48/position = Vector3(0.000111565, 0.0178601, 0.000145078)
bones/49/position = Vector3(-0.00190952, 0.0654675, -0.00686979)
bones/50/position = Vector3(8.11564e-05, 0.0365231, 0.000246882)
bones/51/position = Vector3(5.00036e-05, 0.0225318, 0.000161767)
bones/52/position = Vector3(0.0135082, 0.0647106, -0.00674033)
bones/53/position = Vector3(0.000190619, 0.0338794, 0.000209332)
bones/54/position = Vector3(0.000110017, 0.0195519, 0.000121474)
bones/55/position = Vector3(-0.0158254, 0.00342071, 0.00975502)
bones/56/position = Vector3(-0.0023588, 0.0457019, -0.00432568)
bones/57/position = Vector3(-0.00128638, 0.0282111, -0.00138109)
bones/58/position = Vector3(0.00799221, -0.00484871, 0.0157121)
bones/59/position = Vector3(0.0023832, 0.0449289, 0.00449073)
bones/60/position = Vector3(0.0201728, 0.102518, 0.00207334)
bones/61/position = Vector3(0.0770936, 0.00506979, 0.00374565)
bones/62/position = Vector3(-0.0221645, 0.104655, -0.0296766)
bones/63/position = Vector3(-1.86264e-09, 0.0848125, -0.0120753)
bones/64/position = Vector3(-0.000148171, 0.217661, 0.000620842)
bones/65/position = Vector3(-0.00062406, 0.211906, 0.000261395)
bones/66/position = Vector3(0.0192756, 0.0646013, -0.00702656)
bones/67/position = Vector3(4.44459e-05, 0.0327898, 0.000158429)
bones/68/position = Vector3(-0.000203799, 0.0201756, 0.00067997)
bones/69/position = Vector3(-0.0288766, 0.0602459, -0.00663578)
bones/70/position = Vector3(-0.000193488, 0.0309896, 0.000168681)
bones/71/position = Vector3(-0.000111207, 0.0178603, 0.00014472)
bones/72/position = Vector3(0.00190939, 0.0654675, -0.00686991)
bones/73/position = Vector3(-8.12179e-05, 0.0365232, 0.000246524)
bones/74/position = Vector3(-5.00446e-05, 0.0225319, 0.000161767)
bones/75/position = Vector3(-0.0135084, 0.0647106, -0.00674057)
bones/76/position = Vector3(-0.000190495, 0.0338796, 0.000209451)
bones/77/position = Vector3(-0.000109946, 0.0195518, 0.000121355)
bones/78/position = Vector3(0.0158254, 0.00342083, 0.00975493)
bones/79/position = Vector3(0.0023365, 0.0457017, -0.00434064)
bones/80/position = Vector3(0.00127316, 0.0282113, -0.0013882)
bones/81/position = Vector3(-0.00799219, -0.00484866, 0.0157121)
bones/82/position = Vector3(-0.00238327, 0.0449288, 0.00449061)
bones/83/position = Vector3(-0.0201728, 0.102518, 0.00207323)
bones/84/position = Vector3(-0.0770936, 0.00506982, 0.00374614)
bones/85/position = Vector3(0.0763605, -0.0393862, -0.00362056)
bones/86/position = Vector3(0.00645694, 0.348783, -0.00599323)
bones/87/position = Vector3(-0.0106744, 0.408933, 0.0211781)
bones/88/position = Vector3(0.00228127, 0.109638, -0.0608564)
bones/89/position = Vector3(0.0124926, -0.0336269, -0.127757)
bones/91/position = Vector3(-0.0230997, 0.120839, -0.0556245)
bones/92/position = Vector3(-0.0229167, 0.122336, -0.0506407)
bones/93/position = Vector3(-0.0111086, -0.00415224, 0.142005)
bones/94/position = Vector3(0, 5.96046e-08, 0)
bones/95/position = Vector3(-0.0216237, 0.122613, 0.0177881)
bones/96/position = Vector3(-0.026217, 0.149689, 0.0220936)
bones/97/position = Vector3(-0.0763605, -0.0393862, -0.00362055)
bones/98/position = Vector3(-0.00645741, 0.348783, -0.00599312)
bones/99/position = Vector3(0.0106752, 0.408933, 0.021178)
bones/100/position = Vector3(-0.00228185, 0.109639, -0.0608561)
bones/101/position = Vector3(-0.0124943, -0.0336267, -0.127757)
bones/102/position = Vector3(0, 0, 7.45058e-09)
bones/103/position = Vector3(0.0230989, 0.12084, -0.0556247)
bones/104/position = Vector3(0.0229164, 0.122335, -0.0506409)
bones/105/position = Vector3(0.0111107, -0.004152, 0.142005)
bones/107/position = Vector3(0.0216238, 0.122612, 0.0177878)
bones/108/position = Vector3(0.0262166, 0.149689, 0.0220934)

[node name="ManyBoneIK3D" parent="ManyBoneIk/GeneralSkeleton" index="2"]
ui_selected_bone = 0
constraints/0/bone_direction = Transform3D(1, 0.000258757, 1.73891e-06, -0.000258757, 0.99991, 0.0134399, 1.73891e-06, -0.0134399, 0.99991, 0, 0, 0)
constraints/1/kusudama_twist = Transform3D(0.675015, 0.0381105, 0.736819, -0.0381105, -0.995531, 0.0864056, 0.736819, -0.0864056, -0.670545, -0.000231912, 0.896172, 0.0120455)
constraints/1/kusudama_orientation = Transform3D(1, 0, 0, 0, 1, 0, 0, 0, 1, -0.000231912, 0.896172, 0.0120455)
constraints/1/bone_direction = Transform3D(1, -1.82862e-07, -1.94786e-06, 1.82862e-07, -0.982528, 0.186117, -1.94786e-06, -0.186117, -0.982528, 0, 0, 0)
constraints/10/kusudama_twist = Transform3D(1, -5.20417e-18, 3.46945e-18, -4.77049e-18, 1, 1.38778e-17, -3.46945e-18, -1.38778e-17, 1, 5.06406e-09, 0.051563, 0.0123953)
constraints/10/kusudama_orientation = Transform3D(1, -2.60209e-18, 0, -2.1684e-18, 1, 0, 0, 0, 1, 5.06407e-09, 0.051563, 0.0123953)
constraints/10/bone_direction = Transform3D(1, -8.66993e-08, -1.16964e-09, 8.66993e-08, 0.999636, 0.0269766, -1.16964e-09, -0.0269766, 0.999636, 0, 0, 0)
constraints/11/kusudama_twist = Transform3D(1, 3.85186e-34, 1.38778e-17, 8.67362e-19, 1, 2.77556e-17, 0, 5.55112e-17, 1, 9.70609e-09, 0.11191, 0.00302007)
constraints/11/kusudama_orientation = Transform3D(1, 0, 6.93889e-18, 0, 1, 0, 0, 2.77556e-17, 1, 9.70608e-09, 0.11191, 0.00302007)
constraints/11/bone_direction = Transform3D(1, 4.09873e-08, -2.7757e-09, -4.09873e-08, 0.99087, -0.134824, -2.7757e-09, 0.134824, 0.99087, 0, 0, 0)
constraints/12/kusudama_twist = Transform3D(1, -5.52943e-18, -2.60209e-18, 1.51788e-18, 1, 2.77556e-17, -2.60209e-18, -1.11022e-16, 1, -4.40923e-09, 0.106593, -0.0145037)
constraints/12/kusudama_orientation = Transform3D(1, -1.19262e-18, -8.67362e-19, 0, 1, 0, -8.67362e-19, -2.77556e-17, 1, -4.40923e-09, 0.106593, -0.0145037)
constraints/12/bone_direction = Transform3D(1, 1.84184e-08, -2.58225e-09, -1.84184e-08, 0.961446, -0.274994, -2.58225e-09, 0.274994, 0.961446, 0, 0, 0)
constraints/17/kusudama_twist = Transform3D(1, 1.73472e-18, -6.93889e-18, -4.33681e-19, 1, 3.00927e-36, 1.38778e-17, 1.50463e-36, 1, -6.51926e-09, 0.130998, -0.0379822)
constraints/17/kusudama_orientation = Transform3D(1, 4.33681e-19, -3.46945e-18, 0, 1, 0, 3.46945e-18, 0, 1, -6.51926e-09, 0.130998, -0.0379822)
constraints/17/bone_direction = Transform3D(1, -4.40901e-07, -2.74752e-08, 4.40901e-07, 0.992263, 0.12415, -2.74752e-08, -0.12415, 0.992263, 0, 0, 0)
constraints/18/kusudama_twist = Transform3D(1, 1.6263e-19, -1.30104e-18, -2.00577e-18, 1, 5.55112e-17, -4.06251e-35, 2.77556e-17, 1, 3.2087e-08, 0.0722129, 0.00903512)
constraints/18/kusudama_orientation = Transform3D(1, 5.42101e-20, -4.33681e-19, -5.96311e-19, 1, 2.77556e-17, 0, 0, 1, 3.2087e-08, 0.0722129, 0.00903512)
constraints/18/bone_direction = Transform3D(0.999995, -0.00307938, 6.20642e-07, 0.00307938, 0.999995, -0.000403095, 6.20642e-07, 0.000403095, 1, 0, 0, 0)
constraints/39/kusudama_twist = Transform3D(1.02782e-16, 1, -6.245e-17, -1, 8.92298e-17, 6.93889e-17, 2.77556e-17, 1.38778e-17, 1, 0.0221645, 0.104655, -0.0296766)
constraints/39/kusudama_orientation = Transform3D(1, 4.33681e-19, -3.46945e-18, 0, 1, 0, 3.46945e-18, 0, 1, 0.0221645, 0.104655, -0.0296766)
constraints/39/bone_direction = Transform3D(1, -2.17426e-08, 1.54004e-09, 2.17426e-08, 0.990016, -0.140954, 1.54004e-09, 0.140954, 0.990016, 0, 0, 0)
constraints/40/kusudama_twist = Transform3D(0.624649, 0.765446, 0.154615, -0.765446, 0.56096, 0.315303, 0.154615, -0.315303, 0.936311, 1.86264e-09, 0.0848126, -0.0120752)
constraints/40/kusudama_orientation = Transform3D(1, 0, 0, -1.38778e-17, 1, 0, 0, 2.08167e-17, 1, 1.86263e-09, 0.0848126, -0.0120752)
constraints/40/bone_direction = Transform3D(1, -0.000679766, -9.70019e-07, 0.000679766, 0.999996, 0.00285397, -9.70019e-07, -0.00285397, 0.999996, 0, 0, 0)
constraints/41/kusudama_twist = Transform3D(0.894427, -0.447214, -2.48253e-17, 0.447214, 0.894427, -9.56794e-17, -6.01853e-36, -4.98733e-18, 1, 0.000147959, 0.217661, 0.0006212)
constraints/41/kusudama_orientation = Transform3D(1, 0, -1.38778e-17, 3.46945e-18, 1, 2.1684e-19, 0, -2.38524e-18, 1, 0.000147959, 0.217661, 0.0006212)
constraints/41/bone_direction = Transform3D(0.999996, -0.00294609, -1.82031e-06, 0.00294609, 0.999995, 0.00123574, -1.82031e-06, -0.00123574, 0.999999, 0, 0, 0)
constraints/42/kusudama_twist = Transform3D(1, 7.24247e-17, 5.38659e-34, -8.0231e-17, 1, 0, -1.38778e-17, 0, 1, 0.000624299, 0.211906, 0.000261863)
constraints/42/kusudama_orientation = Transform3D(1, -2.1684e-18, 0, -8.67362e-19, 1, 3.46945e-18, 0, -3.46945e-18, 1, 0.000624299, 0.211906, 0.000261863)
constraints/42/bone_direction = Transform3D(1, 0.000129266, -4.91408e-08, -0.000129266, 1, -0.000760306, -4.91408e-08, 0.000760306, 1, 0, 0, 0)
constraints/62/kusudama_twist = Transform3D(3.06396e-16, -1, 2.77556e-17, 1, 3.30682e-16, 5.55112e-17, 6.93889e-18, 6.93889e-18, 1, -0.0221645, 0.104655, -0.0296766)
constraints/62/kusudama_orientation = Transform3D(1, 4.33681e-19, -3.46945e-18, 0, 1, 0, 3.46945e-18, 0, 1, -0.0221645, 0.104655, -0.0296766)
constraints/62/bone_direction = Transform3D(1, 2.17426e-08, -1.54005e-09, -2.17426e-08, 0.990016, -0.140955, -1.54005e-09, 0.140955, 0.990016, 0, 0, 0)
constraints/63/kusudama_twist = Transform3D(0.718038, -0.694822, -0.0405461, 0.694822, 0.712207, 0.0999153, -0.0405461, -0.0999153, 0.994169, -1.86264e-09, 0.0848125, -0.0120753)
constraints/63/kusudama_orientation = Transform3D(1, -3.46945e-18, -3.46945e-18, 3.46945e-18, 1, 3.25261e-19, 0, -1.73472e-18, 1, -1.86264e-09, 0.0848125, -0.0120753)
constraints/63/bone_direction = Transform3D(1, 0.000680742, 9.70852e-07, -0.000680742, 0.999996, 0.00285233, 9.70852e-07, -0.00285233, 0.999996, 0, 0, 0)
constraints/64/kusudama_twist = Transform3D(0.894427, 0.447214, 5.37551e-17, -0.447214, 0.894427, -7.61771e-17, -2.77556e-17, 2.47198e-17, 1, -0.000148171, 0.217661, 0.000620842)
constraints/64/kusudama_orientation = Transform3D(1, 0, 1.38778e-17, -3.46945e-18, 1, 0, -1.38778e-17, -1.30104e-18, 1, -0.000148171, 0.217661, 0.000620842)
constraints/64/bone_direction = Transform3D(0.999996, 0.00294497, 1.81636e-06, -0.00294497, 0.999995, 0.00123353, 1.81636e-06, -0.00123353, 0.999999, 0, 0, 0)
constraints/65/kusudama_twist = Transform3D(1, -4.33681e-17, 4.16334e-17, 4.03323e-17, 1, 3.46945e-18, 4.16334e-17, 6.93889e-18, 1, -0.00062406, 0.211906, 0.000261395)
constraints/65/kusudama_orientation = Transform3D(1, -8.67362e-19, 1.38778e-17, 1.30104e-18, 1, 3.46945e-18, 1.38778e-17, 0, 1, -0.00062406, 0.211906, 0.000261395)
constraints/65/bone_direction = Transform3D(1, 0.000387554, 1.30022e-07, -0.000387554, 1, 0.000670989, 1.30022e-07, -0.000670989, 1, 0, 0, 0)
constraints/85/kusudama_twist = Transform3D(-0.99668, 0.0809962, 0.00827712, 0.0809962, 0.976044, 0.201935, 0.00827712, 0.201935, -0.979364, 0.0763605, -0.0393862, -0.00362056)
constraints/85/kusudama_orientation = Transform3D(1, -2.60209e-18, 0, -2.1684e-18, 1, 0, 0, 0, 1, 0.0763605, -0.0393862, -0.00362056)
constraints/85/bone_direction = Transform3D(0.999829, -0.0185069, 0.000158979, 0.0185069, 0.999681, -0.0171778, 0.000158979, 0.0171778, 0.999852, 0, 0, 0)
constraints/86/kusudama_twist = Transform3D(1, 2.40693e-17, -2.08167e-17, 4.80876e-17, 0.433189, 0.901303, 3.14222e-17, -0.901303, 0.433189, 0.00645694, 0.348783, -0.00599323)
constraints/86/kusudama_orientation = Transform3D(1, -1.51788e-18, -6.93889e-18, 2.77556e-17, 1, 0, -6.93889e-18, 0, 1, 0.00645694, 0.348783, -0.00599323)
constraints/86/bone_direction = Transform3D(0.99966, 0.0260592, 0.000674219, -0.0260592, 0.998323, 0.0517017, 0.000674219, -0.0517017, 0.998662, 0, 0, 0)
constraints/87/kusudama_twist = Transform3D(2.89292e-16, 1, 2.42861e-17, -1, 1.00072e-16, -2.25514e-17, -5.20417e-18, -7.70372e-34, 1, -0.0106744, 0.408933, 0.0211781)
constraints/87/kusudama_orientation = Transform3D(1, 5.69206e-18, -1.73472e-18, 6.15014e-17, 1, 0, -1.73472e-18, 3.46945e-18, 1, -0.0106744, 0.408933, 0.0211781)
constraints/87/bone_direction = Transform3D(0.938052, 0.251989, -0.237822, -0.251989, 0.0250362, -0.967406, -0.237822, 0.967406, 0.0869838, 0, 0, 0)
constraints/97/kusudama_twist = Transform3D(-0.99668, 0.0809962, 0.00827712, 0.0809962, 0.976044, 0.201935, 0.00827712, 0.201935, -0.979364, -0.0763605, -0.0393862, -0.00362055)
constraints/97/kusudama_orientation = Transform3D(1, -2.60209e-18, 0, -2.1684e-18, 1, 0, 0, 0, 1, -0.0763605, -0.0393862, -0.00362055)
constraints/97/bone_direction = Transform3D(0.999829, 0.0185082, -0.000158987, -0.0185082, 0.999681, -0.0171775, -0.000158987, 0.0171775, 0.999852, 0, 0, 0)
constraints/98/kusudama_twist = Transform3D(1, 1.53957e-17, -6.93889e-18, -1.96349e-17, 0.433189, 0.901303, 9.99169e-18, -0.901303, 0.433189, -0.00645741, 0.348783, -0.00599312)
constraints/98/kusudama_orientation = Transform3D(1, 7.80626e-18, 0, -2.1684e-19, 1, 6.93889e-18, -6.93889e-18, -6.93889e-18, 1, -0.00645741, 0.348783, -0.00599312)
constraints/98/bone_direction = Transform3D(0.99966, -0.0260612, -0.000674267, 0.0260612, 0.998322, 0.0517015, -0.000674267, -0.0517015, 0.998662, 0, 0, 0)
constraints/99/kusudama_twist = Transform3D(-4.09828e-16, 1, -2.77556e-17, -1, -4.67942e-16, 1.2988e-32, 0, 0, 1, 0.0106752, 0.408933, 0.021178)
constraints/99/kusudama_orientation = Transform3D(1, 4.33681e-19, 0, -6.93889e-18, 1, -1.38778e-17, 0, 0, 1, 0.0106752, 0.408933, 0.021178)
constraints/99/bone_direction = Transform3D(0.997053, -0.0563258, 0.0520779, 0.0563258, 0.076662, -0.995465, 0.0520779, 0.995465, 0.0796087, 0, 0, 0)

[node name="Label3D" type="Label3D" parent="ManyBoneIk"]
transform = Transform3D(1, 0, 0, 0, 1, 0, 0, 0, 1, 0, 1.8, 0)
text = "ManyBoneIK"

[editable path="RENIK"]
[editable path="ManyBoneIk"]
