[gd_scene load_steps=13 format=3 uid="uid://6c3teffhbwkg"]

[ext_resource type="Script" path="res://frog/core/sub_viewport.gd" id="1_hh7p1"]
[ext_resource type="Script" path="res://frog/core/markers.gd" id="2_gcfv0"]
[ext_resource type="PackedScene" path="res://frog/art/SK_frog.tscn" id="2_txihs"]

[sub_resource type="PhysicalSkyMaterial" id="PhysicalSkyMaterial_3ipuk"]

[sub_resource type="Sky" id="Sky_ojjmd"]
sky_material = SubResource("PhysicalSkyMaterial_3ipuk")

[sub_resource type="Environment" id="Environment_hlkql"]
background_mode = 2
background_energy_multiplier = 4.03
sky = SubResource("Sky_ojjmd")
tonemap_mode = 3
glow_enabled = true

[sub_resource type="StandardMaterial3D" id="StandardMaterial3D_87raj"]
no_depth_test = true
albedo_color = Color(0.662745, 0.52549, 0.184314, 0.403922)

[sub_resource type="SphereMesh" id="SphereMesh_bki46"]
material = SubResource("StandardMaterial3D_87raj")
radius = 0.05
height = 0.1

[sub_resource type="StandardMaterial3D" id="StandardMaterial3D_bxlrg"]
transparency = 4
no_depth_test = true
albedo_color = Color(0.223529, 0.709804, 0.631373, 0.368627)

[sub_resource type="StandardMaterial3D" id="StandardMaterial3D_kgyyx"]
transparency = 4
no_depth_test = true
albedo_color = Color(0.92549, 0.47451, 0.317647, 0.368627)

[sub_resource type="Curve2D" id="Curve2D_vdcp6"]
_data = {
"points": PackedVector2Array(80.8816, 52.0293, -80.8816, -52.0293, 537.341, 416.781, 0, 0, 0, 0, 458.894, 297.417, 0, 0, 0, 0, 530.419, 175.245, 0, 0, 0, 0, 578.872, 177, 0, 0, 0, 0, 664.241, 308.3, 0, 0, 0, 0, 585.409, 416.43, 0, 0, 0, 0, 537.341, 416.781)
}
point_count = 7

[sub_resource type="GDScript" id="GDScript_dcack"]
script/source = "extends \"res://frog/core/markers.gd\"
"

[node name="SubViewportContainer" type="SubViewportContainer"]
anchors_preset = 15
anchor_right = 1.0
anchor_bottom = 1.0
grow_horizontal = 2
grow_vertical = 2
size_flags_horizontal = 3
size_flags_vertical = 3
script = ExtResource("1_hh7p1")

[node name="SubViewport" type="SubViewport" parent="."]
transparent_bg = true
handle_input_locally = false
snap_2d_transforms_to_pixel = true
snap_2d_vertices_to_pixel = true
msaa_3d = 2
scaling_3d_mode = 1
scaling_3d_scale = 2.0
canvas_item_default_texture_filter = 2
physics_object_picking = true
size = Vector2i(1280, 720)
render_target_update_mode = 4

[node name="Camera3D" type="Camera3D" parent="SubViewport"]
transform = Transform3D(1, 0, 0, 0, 1, 0, 0, 0, 1, 0.06, 1.258, 1.348)
environment = SubResource("Environment_hlkql")

[node name="Pointer" type="Node3D" parent="SubViewport"]
transform = Transform3D(1, 0, 0, 0, 1, 0, 0, 0, 1, 0.083976, 1.29816, 0.794532)

[node name="MeshInstance3D7" type="MeshInstance3D" parent="SubViewport/Pointer"]
mesh = SubResource("SphereMesh_bki46")
skeleton = NodePath("../../Node3D/Frogdude/Frogdude2/RootNode/GeneralSkeleton/ManyBoneIK3D/Hips")
surface_material_override/0 = SubResource("StandardMaterial3D_bxlrg")

[node name="PointerSecondary" type="Node3D" parent="SubViewport"]
transform = Transform3D(1, 0, 0, 0, 1, 0, 0, 0, 1, -0.0506585, 1.29816, 0.794532)

[node name="MeshInstance3D7" type="MeshInstance3D" parent="SubViewport/PointerSecondary"]
mesh = SubResource("SphereMesh_bki46")
skeleton = NodePath("../../Node3D/Frogdude/Frogdude2/RootNode/GeneralSkeleton/ManyBoneIK3D/Hips")
surface_material_override/0 = SubResource("StandardMaterial3D_kgyyx")

[node name="Node3D" parent="SubViewport" instance=ExtResource("2_txihs")]
transform = Transform3D(1, 0, 0, 0, 1, 0, 0, 0, 1, 0, 0.85, 0.668)

[node name="GeneralSkeleton" parent="SubViewport/Node3D/Frogdude/Frogdude2/RootNode" index="0"]
bones/0/position = Vector3(0.000386256, 0.383099, 0.00863959)
bones/0/rotation = Quaternion(-0.000499175, -1.97026e-05, -0.000391808, 1)
bones/1/position = Vector3(4.88573e-07, 0.0541691, 0.00119776)
bones/1/rotation = Quaternion(-0.0348363, -0.000798153, -0.000285151, 0.999393)
bones/2/position = Vector3(8.78928e-07, 0.0623332, 0.00149984)
bones/2/rotation = Quaternion(-0.000470225, 0.000441746, 3.68117e-06, 1)
bones/3/position = Vector3(1.35246e-07, 0.0695548, 0.00173862)
bones/3/rotation = Quaternion(0.0509082, 0.000981091, 0.000558484, 0.998703)
bones/4/position = Vector3(0, 0.0798094, 0.00192718)
bones/4/rotation = Quaternion(0, 0, 0, 1)
bones/5/position = Vector3(3.18309e-07, 0.059293, 0.0181969)
bones/5/rotation = Quaternion(-0.0151174, -0.000603441, 0.000146971, 0.999885)
bones/6/position = Vector3(0.0381882, 0.0659051, 0.0018699)
bones/6/rotation = Quaternion(0.5, 0.5, 0.5, -0.5)
bones/7/position = Vector3(-0.000114552, 0.0766562, -0.028059)
bones/7/rotation = Quaternion(0, 1, 0, 0)
bones/8/position = Vector3(-0.00847693, 0.0713471, 0.0629317)
bones/8/rotation = Quaternion(-0.207137, 0.861975, 0.191231, -0.421336)
bones/9/position = Vector3(0.0529485, 0.0703729, 0.00843832)
bones/9/rotation = Quaternion(-0.0609438, 0.979688, 0.0815818, 0.17275)
bones/19/position = Vector3(-0.0381882, 0.0659052, 0.00198446)
bones/19/rotation = Quaternion(0.5, -0.5, -0.5, -0.5)
bones/20/position = Vector3(-0.000114553, 0.0766562, -0.028059)
bones/20/rotation = Quaternion(0, 1, 0, 0)
bones/21/position = Vector3(0.00875021, 0.0715472, 0.0630338)
bones/21/rotation = Quaternion(0.189139, 0.864779, 0.202867, 0.418603)
bones/22/position = Vector3(-0.0528908, 0.0704094, 0.00823915)
bones/22/rotation = Quaternion(0.0438869, 0.982802, 0.0462714, -0.1733)
bones/32/position = Vector3(0.0874849, -0.0302501, -0.00238975)
bones/32/rotation = Quaternion(0.993682, 0.0672699, 0.0401675, -0.0803603)
bones/33/position = Vector3(-0.0112711, 0.170836, -0.0185295)
bones/33/rotation = Quaternion(-0.0550124, -0.0375947, 0.0777256, 0.994746)
bones/34/position = Vector3(-0.00265273, 0.12459, 0.00660986)
bones/34/rotation = Quaternion(-0.00688989, -0.697066, 0.716939, 0.00711572)
bones/36/position = Vector3(-0.0874698, -0.0303515, -0.000711994)
bones/36/rotation = Quaternion(0.99324, -0.0671069, -0.019355, -0.0927214)
bones/37/position = Vector3(0.0112903, 0.170757, -0.0207968)
bones/37/rotation = Quaternion(-0.068119, 0.0167039, -0.0776212, 0.994513)
bones/38/position = Vector3(0.00275108, 0.126561, 0.00642691)
bones/38/rotation = Quaternion(0.00691263, -0.696984, 0.71702, -0.00685804)

[node name="BoneAttachment3D" parent="SubViewport/Node3D/Frogdude/Frogdude2/RootNode/GeneralSkeleton" index="0"]
transform = Transform3D(1, 8.46558e-09, -4.55184e-08, -8.00355e-09, 1, -5.58794e-08, 4.51691e-08, 3.35276e-08, 1, 0.000680108, 0.707484, 0.0279537)

[node name="BoneAttachment3D2" parent="SubViewport/Node3D/Frogdude/Frogdude2/RootNode/GeneralSkeleton" index="1"]
transform = Transform3D(0.162806, 0.549174, 0.818974, 0.817524, -0.539806, 0.199654, 0.552403, 0.637026, -0.536847, 0.253066, 0.402307, 0.0786525)

[node name="BoneAttachment3D3" parent="SubViewport/Node3D/Frogdude/Frogdude2/RootNode/GeneralSkeleton" index="2"]
transform = Transform3D(0.351837, 0.921794, -0.162806, 0.474963, -0.325677, -0.817524, -0.806611, 0.210308, -0.552403, 0.272407, 0.405094, 0.0518343)

[node name="BoneAttachment3D4" parent="SubViewport/Node3D/Frogdude/Frogdude2/RootNode/GeneralSkeleton" index="3"]
transform = Transform3D(0.351837, 0.921794, -0.162806, 0.474963, -0.325677, -0.817524, -0.806611, 0.210308, -0.552403, 0.282536, 0.420374, 0.025868)

[node name="BoneAttachment3D5" parent="SubViewport/Node3D/Frogdude/Frogdude2/RootNode/GeneralSkeleton" index="4"]
transform = Transform3D(0.256677, -0.541828, -0.799628, -0.786085, -0.598382, 0.153441, -0.562305, 0.589191, -0.579513, -0.249869, 0.3977, 0.0736453)

[node name="BoneAttachment3D6" parent="SubViewport/Node3D/Frogdude/Frogdude2/RootNode/GeneralSkeleton" index="5"]
transform = Transform3D(0.340275, -0.904616, 0.256677, -0.471046, -0.400231, -0.786085, 0.813835, 0.146579, -0.562305, -0.267833, 0.400618, 0.0447447)

[node name="BoneAttachment3D7" parent="SubViewport/Node3D/Frogdude/Frogdude2/RootNode/GeneralSkeleton" index="6"]
transform = Transform3D(0.340275, -0.904616, 0.256677, -0.471046, -0.400231, -0.786085, 0.813835, 0.146579, -0.562305, -0.278174, 0.415879, 0.0178319)

[node name="BoneAttachment3D8" parent="SubViewport/Node3D/Frogdude/Frogdude2/RootNode/GeneralSkeleton" index="7"]
transform = Transform3D(1, -0.000720351, 4.38967e-06, -1.18835e-05, -0.0226263, -0.999744, 0.000720266, 0.999744, -0.0226263, 0.0899659, 0.0153626, 0.0687119)

[node name="BoneAttachment3D9" parent="SubViewport/Node3D/Frogdude/Frogdude2/RootNode/GeneralSkeleton" index="8"]
transform = Transform3D(1, 0.000137838, -1.39976e-06, 1.46478e-06, -0.02054, -0.999789, -0.000137827, 0.999789, -0.0205401, -0.0895692, 0.0135152, 0.069932)

[node name="ManyBoneIK3D" parent="SubViewport/Node3D/Frogdude/Frogdude2/RootNode/GeneralSkeleton" index="10"]
constraints/0/kusudama_orientation = Transform3D(1, 0, 0, 0, 1, 0, 0, 0, 1, 0.000386256, 0.383099, 0.00863959)
constraints/0/bone_direction = Transform3D(1, -4.78693e-11, 0, 1.03491e-11, 1, 0, 0, 0, 1, 0, 0, 0)
constraints/1/kusudama_twist = Transform3D(1, -9.57385e-11, 0, -3.75096e-11, 1, 0, 0, 0, 1, -2.53291e-07, 0.0538327, 0.00119538)
constraints/1/kusudama_orientation = Transform3D(1, -4.78693e-11, 0, 1.03491e-11, 1, 0, 0, 0, 1, 4.88573e-07, 0.0541691, 0.00119776)
constraints/1/bone_direction = Transform3D(1, -9.11041e-06, -1.08383e-07, 9.11044e-06, 0.999716, 0.0238261, -1.08615e-07, -0.0238261, 0.999716, 0, 0, 0)
constraints/2/kusudama_twist = Transform3D(1, -5.67525e-10, 3.49246e-10, 9.45875e-11, 1, 7.45058e-09, -3.49246e-10, 1.49012e-08, 1, 5.69155e-07, 0.0624689, 0.00148881)
constraints/2/kusudama_orientation = Transform3D(1, -1.74623e-10, 1.16415e-10, 4.36557e-11, 1, 0, -1.16415e-10, 7.45058e-09, 1, 8.78928e-07, 0.0623332, 0.00149984)
constraints/2/bone_direction = Transform3D(1, -1.13449e-06, -1.40863e-08, 1.13459e-06, 0.999692, 0.0248119, -1.4028e-08, -0.0248119, 0.999692, 0, 0, 0)
constraints/3/kusudama_twist = Transform3D(1, 2.6921e-10, -5.82077e-11, 6.69388e-10, 1, 7.45058e-09, 1.16415e-10, 1.49012e-08, 1, 7.91624e-08, 0.0697281, 0.00173062)
constraints/3/kusudama_orientation = Transform3D(1, 1.30967e-10, -5.82077e-11, 9.82254e-11, 1, 0, 5.82077e-11, 7.45058e-09, 1, 1.35246e-07, 0.0695548, 0.00173862)
constraints/3/bone_direction = Transform3D(1, -2.7334e-08, -4.07454e-10, 2.73976e-08, 0.999627, 0.0273102, -4.07454e-10, -0.0273102, 0.999627, 0, 0, 0)
constraints/4/kusudama_twist = Transform3D(1, 1.27329e-11, 1.16415e-10, -2.36469e-11, 1, -1.86265e-09, 0, -3.72529e-09, 1, 0, 0.0798094, 0.00192718)
constraints/4/kusudama_orientation = Transform3D(1, -5.27507e-11, 5.82077e-11, 4.54747e-11, 1, 0, 0, -1.86265e-09, 1, -1.16415e-10, 0.0798094, 0.00192718)
constraints/4/bone_direction = Transform3D(1, 6.16488e-07, 9.30158e-08, -6.16536e-07, 0.955568, 0.29477, 9.29576e-08, -0.29477, 0.955568, 0, 0, 0)
constraints/5/kusudama_twist = Transform3D(1, -1.03682e-10, 1.16415e-10, 9.27685e-11, 1, -1.86265e-09, 0, -3.72529e-09, 1, -3.7835e-08, 0.0588319, 0.0181482)
constraints/5/kusudama_orientation = Transform3D(1, -5.27507e-11, 5.82077e-11, 4.54747e-11, 1, 0, 0, -1.86265e-09, 1, 3.18309e-07, 0.059293, 0.0181969)
constraints/6/kusudama_twist = Transform3D(-3.77419e-07, 1, 2.23517e-08, -1, -3.3435e-07, -2.28756e-08, -5.82077e-10, -3.72529e-09, 1, 0.0381882, 0.0659053, 0.0018699)
constraints/6/kusudama_orientation = Transform3D(1, -5.27507e-11, 5.82077e-11, 4.54747e-11, 1, 0, 0, -1.86265e-09, 1, 0.0381882, 0.0659051, 0.0018699)
constraints/6/bone_direction = Transform3D(0.999999, 0.00140329, -0.000248758, -0.0014033, 0.939066, -0.343733, -0.000248756, 0.343733, 0.939067, 0, 0, 0)
constraints/7/kusudama_twist = Transform3D(0.624649, 0.765447, 0.154615, -0.765446, 0.56096, 0.315303, 0.154615, -0.315303, 0.936311, -0.000114552, 0.0766562, -0.0280592)
constraints/7/kusudama_orientation = Transform3D(1, 0, -1.86265e-09, 5.82077e-11, 1, -5.27507e-11, 0, 4.54747e-11, 1, -0.000114554, 0.0766562, -0.0280589)
constraints/7/bone_direction = Transform3D(0.995491, 0.0887601, 0.0334637, -0.08876, 0.747153, 0.658699, 0.0334637, -0.658699, 0.751662, 0, 0, 0)
constraints/8/kusudama_twist = Transform3D(0.894428, -0.447214, 2.23316e-09, 0.447214, 0.894427, -1.09337e-08, 3.72529e-09, 1.94596e-08, 1, -0.00844261, 0.0710671, 0.0626534)
constraints/8/kusudama_orientation = Transform3D(1, 0, -1.86265e-09, -5.82077e-11, 1, 5.27507e-11, 0, -4.54747e-11, 1, -0.00847693, 0.0713471, 0.0629317)
constraints/8/bone_direction = Transform3D(0.800483, -0.598511, -0.0318078, 0.598511, 0.795412, 0.095417, -0.0318078, -0.095417, 0.994929, 0, 0, 0)
constraints/9/kusudama_twist = Transform3D(1, 7.45058e-09, -2.98023e-08, 9.68575e-08, 1, -2.98023e-08, -5.96046e-08, -1.49012e-08, 1, 0.0528913, 0.0702918, 0.00843215)
constraints/9/kusudama_orientation = Transform3D(1, 7.45058e-09, -2.98023e-08, 5.21541e-08, 1, -1.49012e-08, -2.98023e-08, -1.49012e-08, 1, 0.0529485, 0.0703729, 0.00843832)
constraints/9/bone_direction = Transform3D(0.990317, 0.138553, 0.00873271, -0.138553, 0.982441, 0.12495, 0.00873271, -0.12495, 0.992125, 0, 0, 0)
constraints/19/kusudama_twist = Transform3D(-4.3667e-07, -1, -2.04891e-08, 1, -3.94639e-07, -2.14204e-08, -6.17001e-09, -3.72529e-09, 1, -0.0381882, 0.0659053, 0.00198446)
constraints/19/kusudama_orientation = Transform3D(1, -5.27507e-11, 5.82077e-11, 4.54747e-11, 1, 0, 0, -1.86265e-09, 1, -0.0381882, 0.0659052, 0.00198446)
constraints/19/bone_direction = Transform3D(0.999999, 0.00140331, -0.000248762, -0.0014033, 0.939067, -0.343733, -0.00024876, 0.343733, 0.939068, 0, 0, 0)
constraints/20/kusudama_twist = Transform3D(0.718038, -0.694823, -0.0405461, 0.694822, 0.712207, 0.0999153, -0.0405461, -0.0999153, 0.99417, -0.00011455, 0.0766562, -0.028059)
constraints/20/kusudama_orientation = Transform3D(1, 0, 1.86265e-09, 5.82077e-11, 1, 5.27507e-11, 0, -4.54747e-11, 1, -0.000114553, 0.0766562, -0.0280589)
constraints/20/bone_direction = Transform3D(0.995224, -0.0913421, -0.0344489, 0.0913421, 0.746771, 0.65878, -0.0344489, -0.65878, 0.751547, 0, 0, 0)
constraints/21/kusudama_twist = Transform3D(0.894428, 0.447214, 1.07598e-08, -0.447214, 0.894427, 3.55414e-08, 7.45058e-09, -2.69211e-08, 1, 0.00871432, 0.0712442, 0.0628497)
constraints/21/kusudama_orientation = Transform3D(1, 0, 1.86265e-09, -5.82077e-11, 1, -5.27507e-11, 0, 4.54747e-11, 1, 0.00875021, 0.0715472, 0.0630338)
constraints/21/bone_direction = Transform3D(0.80094, 0.597937, 0.0310972, -0.597937, 0.796082, 0.0934097, 0.0310972, -0.0934097, 0.995142, 0, 0, 0)
constraints/22/kusudama_twist = Transform3D(1, -1.49012e-08, 0, -2.98023e-08, 1, 0, 2.98023e-08, -2.22045e-16, 1, -0.052829, 0.0703354, 0.00825292)
constraints/22/kusudama_orientation = Transform3D(1, -7.45058e-09, 0, -2.23517e-08, 1, 0, 2.98023e-08, 0, 1, -0.0528908, 0.0704094, 0.00823915)
constraints/22/bone_direction = Transform3D(0.995744, -0.0916624, -0.00959945, 0.0916623, 0.974093, 0.20674, -0.00959942, -0.20674, 0.978349, 0, 0, 0)
constraints/32/kusudama_twist = Transform3D(-0.999999, -0.00136886, -1.4286e-06, -0.00136886, 0.999997, 0.00208728, -1.4286e-06, 0.00208728, -0.999998, 0.0873868, -0.0293553, -0.00239565)
constraints/32/kusudama_orientation = Transform3D(1, -4.78693e-11, 0, 1.03491e-11, 1, 0, 0, 0, 1, 0.0874849, -0.0302501, -0.00238975)
constraints/32/bone_direction = Transform3D(0.997853, 0.0653973, -0.00353314, -0.0653973, 0.992039, -0.107621, -0.00353314, 0.107621, 0.994186, 0, 0, 0)
constraints/33/kusudama_twist = Transform3D(1, 1.11759e-08, -3.88578e-16, -5.68782e-08, 0.433189, 0.901304, -9.89419e-09, -0.901304, 0.433189, -0.0112537, 0.170712, -0.0185197)
constraints/33/kusudama_orientation = Transform3D(1, -1.86265e-09, 0, -1.30385e-08, 1, -1.49012e-08, -7.45058e-09, -1.49012e-08, 1, -0.0112711, 0.170836, -0.0185295)
constraints/33/bone_direction = Transform3D(0.999774, 0.0212576, 0.000562271, -0.0212576, 0.998376, 0.052858, 0.000562271, -0.052858, 0.998602, 0, 0, 0)
constraints/34/kusudama_twist = Transform3D(-9.25502e-08, 1, 2.6077e-08, -1, -1.78814e-07, -9.31323e-09, 1.86265e-09, -7.80626e-18, 1, -0.00265989, 0.124924, 0.00661397)
constraints/34/kusudama_orientation = Transform3D(1, -2.32831e-09, 0, -2.32831e-10, 1, 3.72529e-09, 0, 0, 1, -0.00265273, 0.12459, 0.00660986)
constraints/34/bone_direction = Transform3D(0.999999, -0.00104201, 1.17831e-05, 0.00104202, 0.999744, -0.02262, 1.17905e-05, 0.02262, 0.999744, 0, 0, 0)
constraints/36/kusudama_twist = Transform3D(-0.999999, -0.00136886, -1.4286e-06, -0.00136886, 0.999997, 0.00208728, -1.4286e-06, 0.00208728, -0.999998, -0.0871066, -0.0292436, -0.000711916)
constraints/36/kusudama_orientation = Transform3D(1, -4.78693e-11, 0, 1.03491e-11, 1, 0, 0, 0, 1, -0.0874698, -0.0303515, -0.000711994)
constraints/36/bone_direction = Transform3D(0.997853, -0.0653763, 0.00395972, 0.0653763, 0.990551, -0.120564, 0.00395972, 0.120564, 0.992698, 0, 0, 0)
constraints/37/kusudama_twist = Transform3D(1, -6.51926e-09, -3.35276e-08, 1.17452e-08, 0.433189, 0.901304, 1.47832e-08, -0.901303, 0.433189, 0.0112627, 0.170647, -0.0207701)
constraints/37/kusudama_orientation = Transform3D(1, -8.3819e-09, 0, -7.45058e-09, 1, 0, 3.72529e-09, 0, 1, 0.0112903, 0.170757, -0.0207968)
constraints/37/bone_direction = Transform3D(0.999781, -0.0209137, -0.00053232, 0.0209137, 0.998486, 0.0508677, -0.000532319, -0.0508677, 0.998705, 0, 0, 0)
constraints/38/kusudama_twist = Transform3D(6.6997e-08, 1, -1.86265e-08, -1, 7.17118e-08, 1.30385e-08, 1.30385e-08, -7.45058e-09, 1, 0.00266127, 0.127058, 0.00647294)
constraints/38/kusudama_orientation = Transform3D(1, 1.68802e-09, 0, -5.82077e-11, 1, -3.72529e-09, 0, -3.72529e-09, 1, 0.00275108, 0.126561, 0.00642691)
constraints/38/bone_direction = Transform3D(1, 0.000137997, -1.41934e-06, -0.000137999, 0.999789, -0.0205402, -1.41189e-06, 0.0205402, 0.999789, 0, 0, 0)

[node name="Hips" parent="SubViewport/Node3D/Frogdude/Frogdude2/RootNode/GeneralSkeleton/ManyBoneIK3D" index="0"]
script = ExtResource("2_gcfv0")

[node name="Path2D" type="Path2D" parent="SubViewport/Node3D/Frogdude/Frogdude2/RootNode/GeneralSkeleton/ManyBoneIK3D/Hips" index="1"]
position = Vector2(-845.339, -479.172)
scale = Vector2(2.60047, 2.84843)
curve = SubResource("Curve2D_vdcp6")

[node name="Head" parent="SubViewport/Node3D/Frogdude/Frogdude2/RootNode/GeneralSkeleton/ManyBoneIK3D" index="1"]
script = ExtResource("2_gcfv0")

[node name="LeftLowerArm" parent="SubViewport/Node3D/Frogdude/Frogdude2/RootNode/GeneralSkeleton/ManyBoneIK3D" index="2"]
script = SubResource("GDScript_dcack")

[node name="LeftHand" parent="SubViewport/Node3D/Frogdude/Frogdude2/RootNode/GeneralSkeleton/ManyBoneIK3D" index="3"]
script = ExtResource("2_gcfv0")

[node name="RightLowerArm" parent="SubViewport/Node3D/Frogdude/Frogdude2/RootNode/GeneralSkeleton/ManyBoneIK3D" index="4"]
script = ExtResource("2_gcfv0")

[node name="RightHand" parent="SubViewport/Node3D/Frogdude/Frogdude2/RootNode/GeneralSkeleton/ManyBoneIK3D" index="5"]
script = ExtResource("2_gcfv0")

[node name="LeftLowerLeg" parent="SubViewport/Node3D/Frogdude/Frogdude2/RootNode/GeneralSkeleton/ManyBoneIK3D" index="6"]
script = ExtResource("2_gcfv0")

[node name="LeftFoot" parent="SubViewport/Node3D/Frogdude/Frogdude2/RootNode/GeneralSkeleton/ManyBoneIK3D" index="7"]
script = ExtResource("2_gcfv0")

[node name="RightLowerLeg" parent="SubViewport/Node3D/Frogdude/Frogdude2/RootNode/GeneralSkeleton/ManyBoneIK3D" index="8"]
script = ExtResource("2_gcfv0")

[node name="RightFoot" parent="SubViewport/Node3D/Frogdude/Frogdude2/RootNode/GeneralSkeleton/ManyBoneIK3D" index="9"]
script = ExtResource("2_gcfv0")

[node name="Label3D" type="Label3D" parent="SubViewport"]
transform = Transform3D(1, 0, 0, 0, 1, 0, 0, 0, 1, -0.480718, 1.64879, 0.156756)
text = "LASSO_POINT
"
font_size = 16

[node name="DirectionalLight3D" type="DirectionalLight3D" parent="SubViewport"]
transform = Transform3D(-0.866024, -0.428136, 0.258267, 0, 0.516532, 0.856268, -0.500003, 0.741548, -0.447329, 0, 0, 0)
shadow_enabled = true

[editable path="SubViewport/Node3D"]
[editable path="SubViewport/Node3D/Frogdude"]
