[gd_scene load_steps=2 format=3 uid="uid://dvxygg86v5dqu"]

[ext_resource type="PackedScene" uid="uid://cun2852dv6r10" path="res://n_bone_ik/art/frog/Frogdude.glb" id="1_wv22i"]

[node name="Frogdude" instance=ExtResource("1_wv22i")]

[node name="GeneralSkeleton" parent="Frogdude2/RootNode" index="0"]
bones/0/position = Vector3(0.000765029, 0.369228, -0.0271798)
bones/0/rotation = Quaternion(-0.120179, 0.00240182, 0.000102966, 0.992749)
bones/1/position = Vector3(2.1684e-19, 0.0532063, 0.00128478)
bones/1/rotation = Quaternion(0.0674913, 0.00329218, 0.00181246, 0.997713)
bones/2/position = Vector3(-3.03577e-18, 0.062074, 0.00149891)
bones/2/rotation = Quaternion(0.0897876, 0.00239746, 0.000573545, 0.995958)
bones/3/position = Vector3(-7.80626e-18, 0.0709418, 0.00171305)
bones/3/rotation = Quaternion(0.0890573, -0.00764453, -0.00523086, 0.995983)
bones/4/position = Vector3(5.20417e-18, 0.0798094, 0.00192718)
bones/4/rotation = Quaternion(0.0184568, -0.0439305, 0.00670475, 0.998842)
bones/5/position = Vector3(7.28584e-17, 0.0585746, 0.0180559)
bones/5/rotation = Quaternion(-0.130477, 0.0432462, 0.00357589, 0.990501)
bones/6/position = Vector3(0.0381882, 0.0659051, 0.0018699)
bones/6/rotation = Quaternion(0.729238, 0.473504, 0.385337, -0.309066)
bones/7/position = Vector3(-0.000114552, 0.0766562, -0.028059)
bones/7/rotation = Quaternion(-0.03983, 0.8782, -0.281878, 0.384348)
bones/8/position = Vector3(-0.0083796, 0.070478, 0.0620828)
bones/8/rotation = Quaternion(-0.181357, 0.96599, -0.168314, 0.0751203)
bones/9/position = Vector3(0.0526088, 0.0700578, 0.00847566)
bones/9/rotation = Quaternion(0.173632, 0.975925, -0.00236702, 0.131972)
bones/19/position = Vector3(-0.0381882, 0.0659052, 0.00198446)
bones/19/rotation = Quaternion(0.73086, -0.470869, -0.388346, -0.305473)
bones/20/position = Vector3(-0.000114553, 0.0766562, -0.028059)
bones/20/rotation = Quaternion(0.0387772, 0.877079, -0.281058, -0.387602)
bones/21/position = Vector3(0.00864858, 0.070478, 0.0620828)
bones/21/rotation = Quaternion(0.17311, 0.966777, -0.17388, -0.0717047)
bones/22/position = Vector3(-0.0526088, 0.0700578, 0.00830746)
bones/22/rotation = Quaternion(-0.173588, 0.975443, -0.00458004, -0.135492)
bones/33/position = Vector3(-0.0112005, 0.170136, -0.0184781)
bones/33/rotation = Quaternion(0.00232332, 0.989427, -0.144995, -0.00232638)
bones/34/position = Vector3(-0.00266424, 0.125629, 0.00673422)
bones/34/rotation = Quaternion(-0.00174821, -0.689146, 0.724619, 0.00146827)
bones/37/position = Vector3(0.0112005, 0.170136, -0.0206751)
bones/37/rotation = Quaternion(0.0021008, 0.988877, -0.148721, 9.09696e-05)
bones/38/position = Vector3(0.00266434, 0.125629, 0.00629914)
bones/38/rotation = Quaternion(-8.75453e-05, -0.686409, 0.727208, 0.00324016)

[node name="ManyBoneIK3D" type="ManyBoneIK3D" parent="Frogdude2/RootNode/GeneralSkeleton" index="1"]
default_damp = 0.0174533
pin_count = 40
pins/0/bone_name = "Hips"
pins/0/target_node = NodePath("Root/Hips")
pins/0/motion_propagation_factor = 0.0
pins/0/weight = 0.0
pins/0/direction_priorities = Vector3(0.2, 0, 0.2)
pins/1/bone_name = "Spine"
pins/1/target_node = NodePath("")
pins/1/motion_propagation_factor = 0.0
pins/1/weight = 1.0
pins/1/direction_priorities = Vector3(0.2, 0, 0.2)
pins/2/bone_name = "Chest"
pins/2/target_node = NodePath("")
pins/2/motion_propagation_factor = 0.0
pins/2/weight = 1.0
pins/2/direction_priorities = Vector3(0.2, 0, 0.2)
pins/3/bone_name = "UpperChest"
pins/3/target_node = NodePath("")
pins/3/motion_propagation_factor = 0.0
pins/3/weight = 1.0
pins/3/direction_priorities = Vector3(0.2, 0, 0.2)
pins/4/bone_name = "Neck"
pins/4/target_node = NodePath("")
pins/4/motion_propagation_factor = 0.0
pins/4/weight = 1.0
pins/4/direction_priorities = Vector3(0.2, 0, 0.2)
pins/5/bone_name = "Head"
pins/5/target_node = NodePath("Root/Hips/Head")
pins/5/motion_propagation_factor = 0.0
pins/5/weight = 1.0
pins/5/direction_priorities = Vector3(0.2, 0, 0.2)
pins/6/bone_name = "LeftShoulder"
pins/6/target_node = NodePath("")
pins/6/motion_propagation_factor = 0.0
pins/6/weight = 1.0
pins/6/direction_priorities = Vector3(0.2, 0, 0.2)
pins/7/bone_name = "LeftUpperArm"
pins/7/target_node = NodePath("")
pins/7/motion_propagation_factor = 0.0
pins/7/weight = 1.0
pins/7/direction_priorities = Vector3(0.2, 0, 0.2)
pins/8/bone_name = "LeftLowerArm"
pins/8/target_node = NodePath("")
pins/8/motion_propagation_factor = 0.0
pins/8/weight = 1.0
pins/8/direction_priorities = Vector3(0.2, 0, 0.2)
pins/9/bone_name = "LeftHand"
pins/9/target_node = NodePath("Root/Hips/LeftHand")
pins/9/motion_propagation_factor = 0.0
pins/9/weight = 1.0
pins/9/direction_priorities = Vector3(0.2, 0, 0.2)
pins/10/bone_name = "LeftThumbMetacarpal"
pins/10/target_node = NodePath("")
pins/10/motion_propagation_factor = 0.0
pins/10/weight = 0.0
pins/10/direction_priorities = Vector3(0.2, 0, 0.2)
pins/11/bone_name = "LeftThumbProximal"
pins/11/target_node = NodePath("")
pins/11/motion_propagation_factor = 0.0
pins/11/weight = 0.0
pins/11/direction_priorities = Vector3(0.2, 0, 0.2)
pins/12/bone_name = "LeftThumbDistal"
pins/12/target_node = NodePath("")
pins/12/motion_propagation_factor = 0.0
pins/12/weight = 0.0
pins/12/direction_priorities = Vector3(0.2, 0, 0.2)
pins/13/bone_name = "LeftIndexProximal"
pins/13/target_node = NodePath("")
pins/13/motion_propagation_factor = 0.0
pins/13/weight = 0.0
pins/13/direction_priorities = Vector3(0.2, 0, 0.2)
pins/14/bone_name = "LeftIndexIntermediate"
pins/14/target_node = NodePath("")
pins/14/motion_propagation_factor = 0.0
pins/14/weight = 0.0
pins/14/direction_priorities = Vector3(0.2, 0, 0.2)
pins/15/bone_name = "LeftIndexDistal"
pins/15/target_node = NodePath("")
pins/15/motion_propagation_factor = 0.0
pins/15/weight = 0.0
pins/15/direction_priorities = Vector3(0.2, 0, 0.2)
pins/16/bone_name = "LeftMiddleProximal"
pins/16/target_node = NodePath("")
pins/16/motion_propagation_factor = 0.0
pins/16/weight = 0.0
pins/16/direction_priorities = Vector3(0.2, 0, 0.2)
pins/17/bone_name = "LeftMiddleIntermediate"
pins/17/target_node = NodePath("")
pins/17/motion_propagation_factor = 0.0
pins/17/weight = 0.0
pins/17/direction_priorities = Vector3(0.2, 0, 0.2)
pins/18/bone_name = "LeftMiddleDistal"
pins/18/target_node = NodePath("")
pins/18/motion_propagation_factor = 0.0
pins/18/weight = 0.0
pins/18/direction_priorities = Vector3(0.2, 0, 0.2)
pins/19/bone_name = "RightShoulder"
pins/19/target_node = NodePath("")
pins/19/motion_propagation_factor = 0.0
pins/19/weight = 0.0
pins/19/direction_priorities = Vector3(0.2, 0, 0.2)
pins/20/bone_name = "RightUpperArm"
pins/20/target_node = NodePath("")
pins/20/motion_propagation_factor = 0.0
pins/20/weight = 0.0
pins/20/direction_priorities = Vector3(0.2, 0, 0.2)
pins/21/bone_name = "RightLowerArm"
pins/21/target_node = NodePath("")
pins/21/motion_propagation_factor = 0.0
pins/21/weight = 0.0
pins/21/direction_priorities = Vector3(0.2, 0, 0.2)
pins/22/bone_name = "RightHand"
pins/22/target_node = NodePath("Root/Hips/RightHand")
pins/22/motion_propagation_factor = 0.0
pins/22/weight = 1.0
pins/22/direction_priorities = Vector3(0.2, 0, 0.2)
pins/23/bone_name = "RightThumbMetacarpal"
pins/23/target_node = NodePath("")
pins/23/motion_propagation_factor = 0.0
pins/23/weight = 0.0
pins/23/direction_priorities = Vector3(0.2, 0, 0.2)
pins/24/bone_name = "RightThumbProximal"
pins/24/target_node = NodePath("")
pins/24/motion_propagation_factor = 0.0
pins/24/weight = 0.0
pins/24/direction_priorities = Vector3(0.2, 0, 0.2)
pins/25/bone_name = "RightThumbDistal"
pins/25/target_node = NodePath("")
pins/25/motion_propagation_factor = 0.0
pins/25/weight = 0.0
pins/25/direction_priorities = Vector3(0.2, 0, 0.2)
pins/26/bone_name = "RightIndexProximal"
pins/26/target_node = NodePath("")
pins/26/motion_propagation_factor = 0.0
pins/26/weight = 0.0
pins/26/direction_priorities = Vector3(0.2, 0, 0.2)
pins/27/bone_name = "RightIndexIntermediate"
pins/27/target_node = NodePath("")
pins/27/motion_propagation_factor = 0.0
pins/27/weight = 0.0
pins/27/direction_priorities = Vector3(0.2, 0, 0.2)
pins/28/bone_name = "RightIndexDistal"
pins/28/target_node = NodePath("")
pins/28/motion_propagation_factor = 0.0
pins/28/weight = 0.0
pins/28/direction_priorities = Vector3(0.2, 0, 0.2)
pins/29/bone_name = "RightMiddleProximal"
pins/29/target_node = NodePath("")
pins/29/motion_propagation_factor = 0.0
pins/29/weight = 0.0
pins/29/direction_priorities = Vector3(0.2, 0, 0.2)
pins/30/bone_name = "RightMiddleIntermediate"
pins/30/target_node = NodePath("")
pins/30/motion_propagation_factor = 0.0
pins/30/weight = 0.0
pins/30/direction_priorities = Vector3(0.2, 0, 0.2)
pins/31/bone_name = "RightMiddleDistal"
pins/31/target_node = NodePath("")
pins/31/motion_propagation_factor = 0.0
pins/31/weight = 0.0
pins/31/direction_priorities = Vector3(0.2, 0, 0.2)
pins/32/bone_name = "LeftUpperLeg"
pins/32/target_node = NodePath("")
pins/32/motion_propagation_factor = 0.0
pins/32/weight = 1.0
pins/32/direction_priorities = Vector3(0.2, 0, 0.2)
pins/33/bone_name = "LeftLowerLeg"
pins/33/target_node = NodePath("")
pins/33/motion_propagation_factor = 0.0
pins/33/weight = 1.0
pins/33/direction_priorities = Vector3(0.2, 0, 0.2)
pins/34/bone_name = "LeftFoot"
pins/34/target_node = NodePath("Root/Hips/LeftFoot")
pins/34/motion_propagation_factor = 0.0
pins/34/weight = 1.0
pins/34/direction_priorities = Vector3(0.2, 0, 0.2)
pins/35/bone_name = "LeftToes"
pins/35/target_node = NodePath("")
pins/35/motion_propagation_factor = 0.0
pins/35/weight = 1.0
pins/35/direction_priorities = Vector3(0.2, 0, 0.2)
pins/36/bone_name = "RightUpperLeg"
pins/36/target_node = NodePath("")
pins/36/motion_propagation_factor = 0.0
pins/36/weight = 0.0
pins/36/direction_priorities = Vector3(0.2, 0, 0.2)
pins/37/bone_name = "RightLowerLeg"
pins/37/target_node = NodePath("")
pins/37/motion_propagation_factor = 0.0
pins/37/weight = 0.0
pins/37/direction_priorities = Vector3(0.2, 0, 0.2)
pins/38/bone_name = "RightFoot"
pins/38/target_node = NodePath("Root/Hips/RightFoot")
pins/38/motion_propagation_factor = 0.0
pins/38/weight = 1.0
pins/38/direction_priorities = Vector3(0.2, 0, 0.2)
pins/39/bone_name = "RightToes"
pins/39/target_node = NodePath("")
pins/39/motion_propagation_factor = 0.0
pins/39/weight = 0.0
pins/39/direction_priorities = Vector3(0.2, 0, 0.2)
constraint_count = 40
constraints/0/bone_name = &"Hips"
constraints/0/twist_start = 0.0
constraints/0/twist_end = 6.28319
constraints/0/kusudama_open_cone_count = 0
constraints/0/kusudama_twist = Transform3D(1, 0, 0, 0, 1, 0, 0, 0, 1, 0, 0, 0)
constraints/0/kusudama_orientation = Transform3D(1, 0, 0, 0, 1, 0, 0, 0, 1, 0.000765029, 0.369228, -0.0271798)
constraints/0/bone_direction = Transform3D(1, 0, 4.656613e-10, 1.1641532e-10, 1.0000001, 0, 0, -1.4901161e-08, 1, 0, 0, 0)
constraints/1/bone_name = &"Spine"
constraints/1/twist_start = 6.19592
constraints/1/twist_end = 0.523599
constraints/1/kusudama_open_cone_count = 0
constraints/1/kusudama_twist = Transform3D(1, 0, 0, 0, 1, 0, 0, 0, 1, 0, 0, 0)
constraints/1/kusudama_orientation = Transform3D(1, 0, 0, 0, 1, 0, 0, 0, 1, 5.820766e-11, 0.053206325, 0.0012847967)
constraints/1/bone_direction = Transform3D(1, 4.656613e-10, 0, -5.820766e-11, 0.99970865, 0.024140112, -9.313226e-10, -0.024140105, 0.99970865, 0, 0, 0)
constraints/2/bone_name = &"Chest"
constraints/2/twist_start = 6.19592
constraints/2/twist_end = 0.523599
constraints/2/kusudama_open_cone_count = 0
constraints/2/kusudama_twist = Transform3D(1, 0, 0, 0, 1, 0, 0, 0, 1, 0, 0, 0)
constraints/2/kusudama_orientation = Transform3D(1, 0, 0, 0, 1, 0, 0, 0, 1, 1.7462298e-10, 0.062074512, 0.0014989376)
constraints/2/bone_direction = Transform3D(1, 3.4924597e-10, -1.8626451e-09, -3.4924597e-10, 0.99970853, 0.024140216, -1.8626451e-09, -0.024140216, 0.9997086, 0, 0, 0)
constraints/3/bone_name = &"UpperChest"
constraints/3/twist_start = 6.19592
constraints/3/twist_end = 0.523599
constraints/3/kusudama_open_cone_count = 0
constraints/3/kusudama_twist = Transform3D(1, 0, 0, 0, 1, 0, 0, 0, 1, 0, 0, 0)
constraints/3/kusudama_orientation = Transform3D(1, 0, 0, 0, 1, 0, 0, 0, 1, -4.656613e-10, 0.07094157, 0.0017130375)
constraints/3/bone_direction = Transform3D(0.98561144, 0.16878366, -0.009071087, -0.16878366, 0.9798926, -0.106407166, -0.0090710865, 0.10640715, 0.9942813, 0, 0, 0)
constraints/4/bone_name = &"Neck"
constraints/4/twist_start = 6.21337
constraints/4/twist_end = 0.174533
constraints/4/kusudama_open_cone_count = 0
constraints/4/kusudama_twist = Transform3D(1, 0, 0, 0, 1, 0, 0, 0, 1, 0, 0, 0)
constraints/4/kusudama_orientation = Transform3D(1, 0, 0, 0, 1, 0, 0, 0, 1, -5.2154064e-08, 0.079809844, 0.001927115)
constraints/4/bone_direction = Transform3D(1, 3.7252903e-09, 0, 0, 0.9556279, 0.2945767, 7.450581e-09, -0.29457664, 0.9556279, 0, 0, 0)
constraints/5/bone_name = &"Head"
constraints/5/twist_start = 0.0
constraints/5/twist_end = 0.174533
constraints/5/kusudama_open_cone_count = 0
constraints/5/kusudama_twist = Transform3D(1, 0, 0, 0, 1, 0, 0, 0, 1, 0, 0, 0)
constraints/5/kusudama_orientation = Transform3D(1, 0, 0, 0, 1, 0, 0, 0, 1, 1.1175871e-08, 0.058574975, 0.01805593)
constraints/5/bone_direction = Transform3D(0.9999911, 0.004201428, 0.00055305514, -0.0042014266, 0.96592605, 0.25878465, 0.0005530536, -0.25878462, 0.96593493, 0, 0, 0)
constraints/6/bone_name = &"LeftShoulder"
constraints/6/twist_start = -4.36332
constraints/6/twist_end = -0.698132
constraints/6/kusudama_open_cone_count = 0
constraints/6/kusudama_twist = Transform3D(1, 0, 0, 0, 1, 0, 0, 0, 1, 0, 0, 0)
constraints/6/kusudama_orientation = Transform3D(1, 0, 0, 0, 1, 0, 0, 0, 1, -0.00011460483, 0.07665676, -0.028059084)
constraints/6/bone_direction = Transform3D(0.9954809, 0.0888654, 0.033482432, -0.0888654, 0.7474165, 0.6583858, 0.033482432, -0.65838575, 0.75193566, 0, 0, 0)
constraints/7/bone_name = &"LeftUpperArm"
constraints/7/twist_start = -2.0944
constraints/7/twist_end = -1.0472
constraints/7/kusudama_open_cone_count = 0
constraints/7/kusudama_twist = Transform3D(1, 0, 0, 0, 1, 0, 0, 0, 1, 0, 0, 0)
constraints/7/kusudama_orientation = Transform3D(1, 0, 0, 0, 1, 0, 0, 0, 1, -0.008379638, 0.07047856, 0.062082827)
constraints/7/bone_direction = Transform3D(0.80108833, -0.5976877, -0.0320462, 0.59768754, 0.7959255, 0.09629178, -0.03204611, -0.09629184, 0.9948373, 0, 0, 0)
constraints/8/bone_name = &"LeftLowerArm"
constraints/8/twist_start = -1.309
constraints/8/twist_end = -1.0472
constraints/8/kusudama_open_cone_count = 0
constraints/8/kusudama_twist = Transform3D(1, 0, 0, 0, 1, 0, 0, 0, 1, 0, 0, 0)
constraints/8/kusudama_orientation = Transform3D(1, 0, 0, 0, 1, 0, 0, 0, 1, 0.05260873, 0.07005823, 0.008475691)
constraints/8/bone_direction = Transform3D(0.8010886, -0.5976875, -0.03204608, 0.5976875, 0.79592556, 0.096292, -0.03204614, -0.096291855, 0.9948371, 0, 0, 0)
constraints/9/bone_name = &"LeftHand"
constraints/9/twist_start = -4.79966
constraints/9/twist_end = -0.349066
constraints/9/kusudama_open_cone_count = 0
constraints/9/kusudama_twist = Transform3D(1, 0, 0, 0, 1, 0, 0, 0, 1, 0, 0, 0)
constraints/9/kusudama_orientation = Transform3D(1, 0, 0, 0, 1, 0, 0, 0, 1, 0.05260873, 0.07005784, 0.0084756315)
constraints/9/bone_direction = Transform3D(0.92838115, 0.3654909, 0.067268044, -0.36549103, 0.8651997, 0.3432872, 0.06726807, -0.34328714, 0.9368186, 0, 0, 0)
constraints/10/bone_name = &"LeftThumbMetacarpal"
constraints/10/twist_start = 0.0
constraints/10/twist_end = 6.28319
constraints/10/kusudama_open_cone_count = 0
constraints/10/kusudama_twist = Transform3D(1, 0, 0, 0, 1, 0, 0, 0, 1, 0, 0, 0)
constraints/10/kusudama_orientation = Transform3D(1, 0, 0, 0, 1, 0, 0, 0, 1, -0.013654828, 0.024439655, 0.017966896)
constraints/10/bone_direction = Transform3D(0.84118414, 0.53978646, 0.026162416, -0.54044306, 0.836869, 0.08902978, 0.026194423, -0.0890299, 0.99568486, 0, 0, 0)
constraints/11/bone_name = &"LeftThumbProximal"
constraints/11/twist_start = 0.0
constraints/11/twist_end = 6.28319
constraints/11/kusudama_open_cone_count = 0
constraints/11/kusudama_twist = Transform3D(1, 0, 0, 0, 1, 0, 0, 0, 1, 0, 0, 0)
constraints/11/kusudama_orientation = Transform3D(1, 0, 0, 0, 1, 0, 0, 0, 1, -0.014373243, 0.022284418, 0.0023706555)
constraints/11/bone_direction = Transform3D(0.8226026, 0.5673012, -0.033183306, -0.5679914, 0.8163881, -0.10624634, -0.03322363, 0.106246404, 0.99378526, 0, 0, 0)
constraints/12/bone_name = &"LeftThumbDistal"
constraints/12/twist_start = 0.0
constraints/12/twist_end = 6.28319
constraints/12/kusudama_open_cone_count = 0
constraints/12/kusudama_twist = Transform3D(1, 0, 0, 0, 1, 0, 0, 0, 1, 0, 0, 0)
constraints/12/kusudama_orientation = Transform3D(1, 0, 0, 0, 1, 0, 0, 0, 1, -0.0137592405, 0.019800186, -0.002576977)
constraints/12/bone_direction = Transform3D(0.99999994, 0, 2.9802322e-08, -2.9802322e-08, 1, -7.450581e-09, 0, -2.9802322e-08, 1, 0, 0, 0)
constraints/13/bone_name = &"LeftIndexProximal"
constraints/13/twist_start = 0.0
constraints/13/twist_end = 6.28319
constraints/13/kusudama_open_cone_count = 0
constraints/13/kusudama_twist = Transform3D(1, 0, 0, 0, 1, 0, 0, 0, 1, 0, 0, 0)
constraints/13/kusudama_orientation = Transform3D(1, 0, 0, 0, 1, 0, 0, 0, 1, -0.0067402124, 0.048334606, 0.035072953)
constraints/13/bone_direction = Transform3D(0.9987668, 0.047013417, 0.015967786, -0.04701344, 0.79204035, 0.60865587, 0.015967846, -0.6086559, 0.7932736, 0, 0, 0)
constraints/14/bone_name = &"LeftIndexIntermediate"
constraints/14/twist_start = 0.0
constraints/14/twist_end = 6.28319
constraints/14/kusudama_open_cone_count = 0
constraints/14/kusudama_twist = Transform3D(1, 0, 0, 0, 1, 0, 0, 0, 1, 0, 0, 0)
constraints/14/kusudama_orientation = Transform3D(1, 0, 0, 0, 1, 0, 0, 0, 1, -0.00068962574, 0.011619121, 0.008928895)
constraints/14/bone_direction = Transform3D(0.9978226, 0.060031608, 0.027320325, -0.060031682, 0.6550396, 0.75320613, 0.027320296, -0.7532062, 0.657217, 0, 0, 0)
constraints/15/bone_name = &"LeftIndexDistal"
constraints/15/twist_start = 0.0
constraints/15/twist_end = 6.28319
constraints/15/kusudama_open_cone_count = 0
constraints/15/kusudama_twist = Transform3D(1, 0, 0, 0, 1, 0, 0, 0, 1, 0, 0, 0)
constraints/15/kusudama_orientation = Transform3D(1, 0, 0, 0, 1, 0, 0, 0, 1, -0.00091570616, 0.009988308, 0.011485584)
constraints/15/bone_direction = Transform3D(1.0000001, 1.4901161e-08, -2.9802322e-08, 1.4901161e-08, 1.0000001, 0, 0, -2.9802322e-08, 1.0000001, 0, 0, 0)
constraints/16/bone_name = &"LeftMiddleProximal"
constraints/16/twist_start = 0.0
constraints/16/twist_end = 6.28319
constraints/16/kusudama_open_cone_count = 0
constraints/16/kusudama_twist = Transform3D(1, 0, 0, 0, 1, 0, 0, 0, 1, 0, 0, 0)
constraints/16/kusudama_orientation = Transform3D(1, 0, 0, 0, 1, 0, 0, 0, 1, -0.038188457, 0.065905206, 0.0019844621)
constraints/16/bone_direction = Transform3D(0.99999905, 0.0014033765, -0.0002488196, -0.0014033914, 0.93906635, -0.343733, -0.0002488196, 0.34373313, 0.9390674, 0, 0, 0)
constraints/17/bone_name = &"LeftMiddleIntermediate"
constraints/17/twist_start = 0.0
constraints/17/twist_end = 6.28319
constraints/17/kusudama_open_cone_count = 0
constraints/17/kusudama_twist = Transform3D(1, 0, 0, 0, 1, 0, 0, 0, 1, 0, 0, 0)
constraints/17/kusudama_orientation = Transform3D(1, 0, 0, 0, 1, 0, 0, 0, 1, -0.00011447072, 0.07665652, -0.028059185)
constraints/17/bone_direction = Transform3D(0.99518794, -0.091694295, -0.034543157, 0.09169413, 0.7472241, 0.6582158, -0.03454334, -0.6582162, 0.75203633, 0, 0, 0)
constraints/18/bone_name = &"LeftMiddleDistal"
constraints/18/twist_start = 0.0
constraints/18/twist_end = 6.28319
constraints/18/kusudama_open_cone_count = 0
constraints/18/kusudama_twist = Transform3D(1, 0, 0, 0, 1, 0, 0, 0, 1, 0, 0, 0)
constraints/18/kusudama_orientation = Transform3D(1, 0, 0, 0, 1, 0, 0, 0, 1, 0.008648753, 0.0704779, 0.062082678)
constraints/18/bone_direction = Transform3D(0.9311817, -0.3596533, 0.059581432, 0.35965306, 0.87959754, -0.31138048, 0.059581354, 0.3113806, 0.9484155, 0, 0, 0)
constraints/19/bone_name = &"RightShoulder"
constraints/19/twist_start = 4.36332
constraints/19/twist_end = 0.698132
constraints/19/kusudama_open_cone_count = 0
constraints/19/kusudama_twist = Transform3D(1, 0, 0, 0, 1, 0, 0, 0, 1, 0, 0, 0)
constraints/19/kusudama_orientation = Transform3D(1, 0, 0, 0, 1, 0, 0, 0, 1, -0.03818825, 0.06590563, 0.0019844882)
constraints/19/bone_direction = Transform3D(0.999999, 0.0014033888, -0.00024875998, -0.0014033765, 0.9390662, -0.3437335, -0.0002487898, 0.34373346, 0.9390672, 0, 0, 0)
constraints/20/bone_name = &"RightUpperArm"
constraints/20/twist_start = 2.0944
constraints/20/twist_end = 1.0472
constraints/20/kusudama_open_cone_count = 0
constraints/20/kusudama_twist = Transform3D(1, 0, 0, 0, 1, 0, 0, 0, 1, 0, 0, 0)
constraints/20/kusudama_orientation = Transform3D(1, 0, 0, 0, 1, 0, 0, 0, 1, -0.00011467934, 0.07665636, -0.028059274)
constraints/20/bone_direction = Transform3D(0.9951879, -0.0916942, -0.034543082, 0.09169419, 0.7472244, 0.65821564, -0.034543082, -0.6582156, 0.7520366, 0, 0, 0)
constraints/21/bone_name = &"RightLowerArm"
constraints/21/twist_start = 1.309
constraints/21/twist_end = 1.0472
constraints/21/kusudama_open_cone_count = 0
constraints/21/kusudama_twist = Transform3D(1, 0, 0, 0, 1, 0, 0, 0, 1, 0, 0, 0)
constraints/21/kusudama_orientation = Transform3D(1, 0, 0, 0, 1, 0, 0, 0, 1, 0.008649349, 0.07047804, 0.062082887)
constraints/21/bone_direction = Transform3D(0.80103195, 0.5977965, 0.031419083, -0.5977965, 0.79607064, 0.09439823, 0.0314191, -0.09439822, 0.9950386, 0, 0, 0)
constraints/22/bone_name = &"RightHand"
constraints/22/twist_start = 4.79966
constraints/22/twist_end = 0.349066
constraints/22/kusudama_open_cone_count = 0
constraints/22/kusudama_twist = Transform3D(1, 0, 0, 0, 1, 0, 0, 0, 1, 0, 0, 0)
constraints/22/kusudama_orientation = Transform3D(1, 0, 0, 0, 1, 0, 0, 0, 1, -0.052608863, 0.07005767, 0.008307278)
constraints/22/bone_direction = Transform3D(0.9999985, 0.0016749704, 0.0005542338, -0.001674965, 0.80262583, 0.5964805, 0.0005542636, -0.5964805, 0.80262744, 0, 0, 0)
constraints/23/bone_name = &"RightThumbMetacarpal"
constraints/23/twist_start = 0.0
constraints/23/twist_end = 6.28319
constraints/23/kusudama_open_cone_count = 0
constraints/23/kusudama_twist = Transform3D(1, 0, 0, 0, 1, 0, 0, 0, 1, 0, 0, 0)
constraints/23/kusudama_orientation = Transform3D(1, 0, 0, 0, 1, 0, 0, 0, 1, 0.014968678, 0.025220782, 0.018719405)
constraints/23/bone_direction = Transform3D(0.84271085, -0.53768057, -0.019644529, 0.5383346, 0.8402543, 0.067234844, -0.019668385, -0.067234844, 0.9975435, 0, 0, 0)
constraints/24/bone_name = &"RightThumbProximal"
constraints/24/twist_start = 0.0
constraints/24/twist_end = 6.28319
constraints/24/kusudama_open_cone_count = 0
constraints/24/kusudama_twist = Transform3D(1, 0, 0, 0, 1, 0, 0, 0, 1, 0, 0, 0)
constraints/24/kusudama_orientation = Transform3D(1, 0, 0, 0, 1, 0, 0, 0, 1, 0.014975786, 0.023402125, 0.001872696)
constraints/24/bone_direction = Transform3D(0.80974567, -0.58633435, 0.01026383, 0.58704776, 0.8091912, -0.03167008, 0.010276362, 0.031670123, 0.99944556, 0, 0, 0)
constraints/25/bone_name = &"RightThumbDistal"
constraints/25/twist_start = 0.0
constraints/25/twist_end = 6.28319
constraints/25/kusudama_open_cone_count = 0
constraints/25/kusudama_twist = Transform3D(1, 0, 0, 0, 1, 0, 0, 0, 1, 0, 0, 0)
constraints/25/kusudama_orientation = Transform3D(1, 0, 0, 0, 1, 0, 0, 0, 1, 0.013405412, 0.018501222, -0.0007240772)
constraints/25/bone_direction = Transform3D(0.99999994, -1.4901161e-08, 0, 1.4901161e-08, 1, 0, 1.4901161e-08, 0, 0.9999999, 0, 0, 0)
constraints/26/bone_name = &"RightIndexProximal"
constraints/26/twist_start = 0.0
constraints/26/twist_end = 6.28319
constraints/26/kusudama_open_cone_count = 0
constraints/26/kusudama_twist = Transform3D(1, 0, 0, 0, 1, 0, 0, 0, 1, 0, 0, 0)
constraints/26/kusudama_orientation = Transform3D(1, 0, 0, 0, 1, 0, 0, 0, 1, 0.0049643666, 0.05054176, 0.036336333)
constraints/26/bone_direction = Transform3D(0.996921, -0.07368873, -0.02680552, 0.0736887, 0.7635556, 0.6415238, -0.026805535, -0.64152384, 0.7666346, 0, 0, 0)
constraints/27/bone_name = &"RightIndexIntermediate"
constraints/27/twist_start = 0.0
constraints/27/twist_end = 6.28319
constraints/27/kusudama_open_cone_count = 0
constraints/27/kusudama_twist = Transform3D(1, 0, 0, 0, 1, 0, 0, 0, 1, 0, 0, 0)
constraints/27/kusudama_orientation = Transform3D(1, 0, 0, 0, 1, 0, 0, 0, 1, 0.001044929, 0.010827124, 0.009096861)
constraints/27/bone_direction = Transform3D(0.9978589, 0.065308034, -0.0035322905, -0.06530804, 0.9920315, -0.10774235, -0.0035322905, 0.10774236, 0.9941726, 0, 0, 0)
constraints/28/bone_name = &"RightIndexDistal"
constraints/28/twist_start = 0.0
constraints/28/twist_end = 6.28319
constraints/28/kusudama_open_cone_count = 0
constraints/28/kusudama_twist = Transform3D(1, 0, 0, 0, 1, 0, 0, 0, 1, 0, 0, 0)
constraints/28/kusudama_orientation = Transform3D(1, 0, 0, 0, 1, 0, 0, 0, 1, -0.011200547, 0.17013618, -0.018478394)
constraints/28/bone_direction = Transform3D(0.9999858, -0.0052721426, 0.0007725656, 0.005272137, 0.9579422, -0.28691307, 0.0007725507, 0.28691307, 0.9579562, 0, 0, 0)
constraints/29/bone_name = &"RightMiddleProximal"
constraints/29/twist_start = 0.0
constraints/29/twist_end = 6.28319
constraints/29/kusudama_open_cone_count = 0
constraints/29/kusudama_twist = Transform3D(1, 0, 0, 0, 1, 0, 0, 0, 1, 0, 0, 0)
constraints/29/kusudama_orientation = Transform3D(1, 0, 0, 0, 1, 0, 0, 0, 1, -0.02019234, 0.048588306, 0.037358522)
constraints/29/bone_direction = Transform3D(0.98215544, 0.17809244, 0.060445443, -0.1780925, 0.777406, 0.6032603, 0.060445443, -0.6032602, 0.7952504, 0, 0, 0)
constraints/30/bone_name = &"RightMiddleIntermediate"
constraints/30/twist_start = 0.0
constraints/30/twist_end = 6.28319
constraints/30/kusudama_open_cone_count = 0
constraints/30/kusudama_twist = Transform3D(1, 0, 0, 0, 1, 0, 0, 0, 1, 0, 0, 0)
constraints/30/kusudama_orientation = Transform3D(1, 0, 0, 0, 1, 0, 0, 0, 1, -0.00269489, 0.011764258, 0.009128988)
constraints/30/bone_direction = Transform3D(0.9978636, -0.06521278, 0.003943637, 0.06521277, 0.990584, -0.120376796, 0.003943622, 0.12037679, 0.99272037, 0, 0, 0)
constraints/31/bone_name = &"RightMiddleDistal"
constraints/31/twist_start = 0.0
constraints/31/twist_end = 6.28319
constraints/31/kusudama_open_cone_count = 0
constraints/31/kusudama_twist = Transform3D(1, 0, 0, 0, 1, 0, 0, 0, 1, 0, 0, 0)
constraints/31/kusudama_orientation = Transform3D(1, 0, 0, 0, 1, 0, 0, 0, 1, 0.011200607, 0.17013618, -0.020675391)
constraints/31/bone_direction = Transform3D(0.99999124, -0.0041278005, 0.0006208271, 0.0041278256, 0.9557553, -0.29413387, 0.0006208122, 0.29413393, 0.9557642, 0, 0, 0)
constraints/32/bone_name = &"LeftUpperLeg"
constraints/32/twist_start = 2.79253
constraints/32/twist_end = 0.698132
constraints/32/kusudama_open_cone_count = 0
constraints/32/kusudama_twist = Transform3D(1, 0, 0, 0, 1, 0, 0, 0, 1, 0, 0, 0)
constraints/32/kusudama_orientation = Transform3D(1, 0, 0, 0, 1, 0, 0, 0, 1, 0.087445945, -0.029488087, -0.0023936294)
constraints/32/bone_direction = Transform3D(0.9978589, 0.06530806, -0.0035323054, -0.06530805, 0.9920316, -0.10774261, -0.0035323044, 0.10774262, 0.99417263, 0, 0, 0)
constraints/33/bone_name = &"LeftLowerLeg"
constraints/33/twist_start = 1.5708
constraints/33/twist_end = 0.349066
constraints/33/kusudama_open_cone_count = 0
constraints/33/kusudama_twist = Transform3D(1, 0, 0, 0, 1, 0, 0, 0, 1, 0, 0, 0)
constraints/33/kusudama_orientation = Transform3D(1, 0, 0, 0, 1, 0, 0, 0, 1, -0.011200607, 0.17013577, -0.018478118)
constraints/33/bone_direction = Transform3D(0.99977577, 0.021172032, 0.00056698255, -0.021172032, 0.99834263, 0.05351521, 0.00056698266, -0.05351521, 0.9985669, 0, 0, 0)
constraints/34/bone_name = &"LeftFoot"
constraints/34/twist_start = 3.14159
constraints/34/twist_end = 0.0872665
constraints/34/kusudama_open_cone_count = 0
constraints/34/kusudama_twist = Transform3D(1, 0, 0, 0, 1, 0, 0, 0, 1, 0, 0, 0)
constraints/34/kusudama_orientation = Transform3D(1, 0, 0, 0, 1, 0, 0, 0, 1, -0.002664268, 0.1256291, 0.0067341626)
constraints/34/bone_direction = Transform3D(0.99900365, -0.043561943, 0.00968115, 0.04356194, 0.9049196, -0.4233469, 0.00968115, 0.42334694, 0.90591586, 0, 0, 0)
constraints/35/bone_name = &"LeftToes"
constraints/35/twist_start = 0.0
constraints/35/twist_end = 6.28319
constraints/35/kusudama_open_cone_count = 0
constraints/35/kusudama_twist = Transform3D(1, 0, 0, 0, 1, 0, 0, 0, 1, 0, 0, 0)
constraints/35/kusudama_orientation = Transform3D(1, 0, 0, 0, 1, 0, 0, 0, 1, 0.0041040927, 0.08525489, -0.039884686)
constraints/35/bone_direction = Transform3D(0.99999994, 4.656613e-10, -1.1641532e-10, 0, 0.9999999, 1.4901161e-08, 0, 0, 0.99999994, 0, 0, 0)
constraints/36/bone_name = &"RightUpperLeg"
constraints/36/twist_start = -2.79253
constraints/36/twist_end = -0.698132
constraints/36/kusudama_open_cone_count = 0
constraints/36/kusudama_twist = Transform3D(1, 0, 0, 0, 1, 0, 0, 0, 1, 0, 0, 0)
constraints/36/kusudama_orientation = Transform3D(1, 0, 0, 0, 1, 0, 0, 0, 1, -0.0874465, -0.029488146, -0.0006769039)
constraints/36/bone_direction = Transform3D(0.99786353, -0.065212764, 0.0039436272, 0.06521276, 0.990584, -0.120377034, 0.003943626, 0.12037705, 0.99272037, 0, 0, 0)
constraints/37/bone_name = &"RightLowerLeg"
constraints/37/twist_start = 1.5708
constraints/37/twist_end = 0.349066
constraints/37/kusudama_open_cone_count = 0
constraints/37/kusudama_twist = Transform3D(1, 0, 0, 0, 1, 0, 0, 0, 1, 0, 0, 0)
constraints/37/kusudama_orientation = Transform3D(1, 0, 0, 0, 1, 0, 0, 0, 1, 0.011200428, 0.17013648, -0.020674989)
constraints/37/bone_direction = Transform3D(0.9997756, -0.021176629, -0.000530513, 0.021176627, 0.9985214, 0.050066635, -0.00053051347, -0.05006665, 0.9987458, 0, 0, 0)
constraints/38/bone_name = &"RightFoot"
constraints/38/twist_start = 3.14159
constraints/38/twist_end = 0.0872665
constraints/38/kusudama_open_cone_count = 0
constraints/38/kusudama_twist = Transform3D(1, 0, 0, 0, 1, 0, 0, 0, 1, 0, 0, 0)
constraints/38/kusudama_orientation = Transform3D(1, 0, 0, 0, 1, 0, 0, 0, 1, 0.0026644915, 0.12562926, 0.0062990785)
constraints/38/bone_direction = Transform3D(0.9990264, 0.043088015, -0.009459643, -0.043088015, 0.90710616, -0.41869044, -0.009459642, 0.41869044, 0.9080796, 0, 0, 0)
constraints/39/bone_name = &"RightToes"
constraints/39/twist_start = 0.0
constraints/39/twist_end = 6.28319
constraints/39/kusudama_open_cone_count = 0
constraints/39/kusudama_twist = Transform3D(1, 0, 0, 0, 1, 0, 0, 0, 1, 0, 0, 0)
constraints/39/kusudama_orientation = Transform3D(1, 0, 0, 0, 1, 0, 0, 0, 1, -0.0041042864, 0.08640477, -0.039881565)
constraints/39/bone_direction = Transform3D(0.99999994, 4.656613e-10, -1.1641532e-10, 0, 0.9999999, 1.4901161e-08, 0, 0, 0.99999994, 0, 0, 0)

[node name="Root" type="Marker3D" parent="Frogdude2/RootNode/GeneralSkeleton/ManyBoneIK3D" index="0"]
gizmo_extents = 0.01

[node name="Hips" type="Marker3D" parent="Frogdude2/RootNode/GeneralSkeleton/ManyBoneIK3D/Root" index="0"]
transform = Transform3D(1, 0, 0, 0, 1, 0, 0, 0, 1, 0.000218338, 0.368889, 0.014417)
gizmo_extents = 0.01

[node name="Head" type="Marker3D" parent="Frogdude2/RootNode/GeneralSkeleton/ManyBoneIK3D/Root/Hips" index="0"]
transform = Transform3D(1, 0, 0, 0, 1, 0, 0, 0, 1, 0, 0.424606, 0.0244798)
gizmo_extents = 0.01

[node name="LeftFoot" type="Marker3D" parent="Frogdude2/RootNode/GeneralSkeleton/ManyBoneIK3D/Root/Hips" index="1"]
transform = Transform3D(-1, 0, 1.22461e-16, 0, 1, 0, -1.22461e-16, 0, -1, 0.0959822, -0.325253, -0.027606)
gizmo_extents = 0.01

[node name="RightFoot" type="Marker3D" parent="Frogdude2/RootNode/GeneralSkeleton/ManyBoneIK3D/Root/Hips" index="2"]
transform = Transform3D(-1, 0, 1.22461e-16, 0, 1, 0, -1.22461e-16, 0, -1, -0.0959821, -0.325253, -0.0276512)
gizmo_extents = 0.01

[node name="LeftHand" type="Marker3D" parent="Frogdude2/RootNode/GeneralSkeleton/ManyBoneIK3D/Root/Hips" index="3"]
transform = Transform3D(6.12303e-17, 1, 0, -1, 6.12303e-17, 0, 0, 0, 1, 0.25538, 0.109377, 0.0231074)
gizmo_extents = 0.01

[node name="RightHand" type="Marker3D" parent="Frogdude2/RootNode/GeneralSkeleton/ManyBoneIK3D/Root/Hips" index="4"]
transform = Transform3D(6.12303e-17, -1, 0, 1, 6.12303e-17, 0, 0, 0, 1, -0.25538, 0.109377, 0.0235518)
gizmo_extents = 0.01
