[gd_scene load_steps=2 format=3 uid="uid://bklkdkn40qdg3"]

[ext_resource type="PackedScene" uid="uid://cr48tqlh6y3jy" path="res://n_bone_ik/art/many_bone_ik_3_bone_chain.glb" id="1_s7xrs"]

[node name="many_bone_ik_3_bone_chain" instance=ExtResource("1_s7xrs")]

[node name="Skeleton3D" parent="Armature" index="0"]
bones/0/position = Vector3(-0.00265493, 0.0074012, -0.00129578)
bones/0/rotation = Quaternion(0.00742431, 0.0304446, -0.0140938, 0.99941)
bones/0/scale = Vector3(1, 0.999999, 1)
bones/1/position = Vector3(1.79258e-08, 0.0926459, -5.71336e-11)
bones/1/rotation = Quaternion(0.0108003, -0.241268, 0.207295, 0.947999)
bones/1/scale = Vector3(1, 1, 1)
bones/2/position = Vector3(-2.53159e-08, 0.107371, -7.288e-11)
bones/2/rotation = Quaternion(0.291796, -0.434544, 0.713612, -0.465602)
bones/2/scale = Vector3(1, 1, 1)
bones/3/position = Vector3(2.16531e-08, 0.1, 2.76654e-14)
bones/3/rotation = Quaternion(0.225266, -0.354466, 0.753947, 0.505147)
bones/3/scale = Vector3(1, 1, 1)
bones/4/position = Vector3(0.0253592, 0.0925448, 0.000243565)
bones/4/rotation = Quaternion(-0.0679631, -0.28719, -0.203491, 0.933539)
bones/4/scale = Vector3(1, 1, 1)
bones/5/position = Vector3(-3.52765e-08, 0.098226, 6.37352e-10)
bones/5/rotation = Quaternion(-0.00392762, 0.379402, 0.0237433, 0.924919)
bones/5/scale = Vector3(1, 1, 1)
bones/6/position = Vector3(-2.48947e-08, 0.1, -8.21843e-14)
bones/6/rotation = Quaternion(-0.00613567, -0.000856169, -0.00994162, 0.999931)
bones/6/scale = Vector3(1, 1, 1)
bones/7/position = Vector3(-6.44204e-08, 0.0999997, 7.95475e-14)
bones/7/rotation = Quaternion(-0.0283182, 0.000271699, 0.00367307, 0.999592)
bones/7/scale = Vector3(1, 1, 1)
bones/8/position = Vector3(2.04287e-07, 0.0999999, 1.26912e-13)
bones/8/rotation = Quaternion(0.182361, -0.359419, 0.173509, 0.898586)
bones/8/scale = Vector3(1, 1, 1)
bones/9/position = Vector3(3.27223e-08, 0.1, 4.57967e-15)
bones/9/rotation = Quaternion(0.105814, 0.493928, 0.222818, 0.833781)
bones/9/scale = Vector3(1, 1, 1)
bones/10/position = Vector3(-2.98023e-08, 0.1, 6.38933e-14)
bones/10/rotation = Quaternion(-0.00989664, -4.77946e-06, 0.01669, 0.999812)
bones/11/position = Vector3(-2.98024e-08, 0.1, 4.20913e-14)
bones/11/rotation = Quaternion(-0.0408738, 7.5255e-06, 0.0689334, 0.996784)
bones/11/scale = Vector3(1, 1, 1)

[node name="ManyBoneIK3D" type="ManyBoneIK3D" parent="Armature/Skeleton3D" index="1"]
iterations_per_frame = 10.0
ui_selected_bone = 9
filter_bones = [&"LeftIndexProximal", &"LeftLittleProximal", &"LeftMiddleProximal", &"LeftRingProximal", &"LeftThumbMetacarpal", &"RightIndexProximal", &"RightLittleProximal", &"RightMiddleProximal", &"RightRingProximal", &"RightThumbMetacarpal", &"RightToes", &"LeftToes", &"RightEye", &"LeftEye"]
pin_count = 12
pins/0/bone_name = "A0"
pins/0/target_node = NodePath("A0")
pins/0/passthrough_factor = 0.0
pins/0/weight = 1.0
pins/0/direction_priorities = Vector3(0.2, 0, 0.2)
pins/1/bone_name = "A1"
pins/1/target_node = NodePath("A1")
pins/1/passthrough_factor = 1.0
pins/1/weight = 1.0
pins/1/direction_priorities = Vector3(0.2, 0, 0.2)
pins/2/bone_name = "A2"
pins/2/target_node = NodePath("A2")
pins/2/passthrough_factor = 1.0
pins/2/weight = 1.0
pins/2/direction_priorities = Vector3(0.2, 0, 0.2)
pins/3/bone_name = "A3"
pins/3/target_node = NodePath("A3")
pins/3/passthrough_factor = 0.0
pins/3/weight = 1.0
pins/3/direction_priorities = Vector3(0.2, 0, 0.2)
pins/4/bone_name = "B0"
pins/4/target_node = NodePath("B0")
pins/4/passthrough_factor = 1.0
pins/4/weight = 1.0
pins/4/direction_priorities = Vector3(0.2, 0, 0.2)
pins/5/bone_name = "B1"
pins/5/target_node = NodePath("B1")
pins/5/passthrough_factor = 1.0
pins/5/weight = 1.0
pins/5/direction_priorities = Vector3(0.2, 0, 0.2)
pins/6/bone_name = "B2"
pins/6/target_node = NodePath("B2")
pins/6/passthrough_factor = 1.0
pins/6/weight = 1.0
pins/6/direction_priorities = Vector3(0.2, 0, 0.2)
pins/7/bone_name = "B3"
pins/7/target_node = NodePath("B3")
pins/7/passthrough_factor = 1.0
pins/7/weight = 1.0
pins/7/direction_priorities = Vector3(0.2, 0, 0.2)
pins/8/bone_name = "C0"
pins/8/target_node = NodePath("C0")
pins/8/passthrough_factor = 1.0
pins/8/weight = 1.0
pins/8/direction_priorities = Vector3(0.2, 0, 0.2)
pins/9/bone_name = "C1"
pins/9/target_node = NodePath("C1")
pins/9/passthrough_factor = 1.0
pins/9/weight = 1.0
pins/9/direction_priorities = Vector3(0.2, 0, 0.2)
pins/10/bone_name = "C2"
pins/10/target_node = NodePath("C2")
pins/10/passthrough_factor = 1.0
pins/10/weight = 1.0
pins/10/direction_priorities = Vector3(0.2, 0, 0.2)
pins/11/bone_name = "C3"
pins/11/target_node = NodePath("C3")
pins/11/passthrough_factor = 1.0
pins/11/weight = 1.0
pins/11/direction_priorities = Vector3(0.2, 0, 0.2)
constraint_count = 12
constraints/0/bone_name = &"A0"
constraints/0/twist_from = 0.0
constraints/0/twist_range = 6.28318
constraints/0/twist_current = 1.0
constraints/0/kusudama_limit_cone_count = 0
constraints/0/kusudama_twist = Transform3D(1, 0, 0, 0, 1, 0, 0, 0, 1, 0, 0, 0)
constraints/0/kusudama_orientation = Transform3D(1, 0, 0, 0, 1, 0, 0, 0, 1, -0.00265493, 0.0074012, -0.00129578)
constraints/0/bone_direction = Transform3D(1, -1.93488e-07, 5.55112e-17, 1.93488e-07, 1, -6.16688e-10, 5.55112e-17, 6.16688e-10, 1, 0, 0, 0)
constraints/1/bone_name = &"A1"
constraints/1/twist_from = 0.0
constraints/1/twist_range = 6.28318
constraints/1/twist_current = 1.0
constraints/1/kusudama_limit_cone_count = 0
constraints/1/kusudama_twist = Transform3D(0.917201, -0.398076, -0.0166414, 0.398076, 0.913857, 0.0800081, -0.0166414, -0.080008, 0.996655, 1.79258e-08, 0.0926459, -5.71336e-11)
constraints/1/kusudama_orientation = Transform3D(1, -2.81893e-18, 6.93889e-18, 0, 1, 1.73472e-18, -6.93889e-18, -1.73472e-18, 1, 1.79258e-08, 0.0926459, -5.71336e-11)
constraints/1/bone_direction = Transform3D(1, 2.3578e-07, -4.4853e-14, -2.3578e-07, 1, -6.78708e-10, -1.11022e-16, 6.78769e-10, 1, 0, 0, 0)
constraints/2/bone_name = &"A2"
constraints/2/twist_from = 0.0
constraints/2/twist_range = 6.28318
constraints/2/twist_current = 1.0
constraints/2/kusudama_limit_cone_count = 0
constraints/2/kusudama_twist = Transform3D(-0.107538, 0.948378, 0.298353, -0.948379, -0.187909, 0.255478, 0.298353, -0.255478, 0.919629, -2.53159e-08, 0.107371, -7.28799e-11)
constraints/2/kusudama_orientation = Transform3D(1, 3.1225e-17, -5.55112e-17, 1.73472e-17, 1, 2.77556e-17, 5.55112e-17, -2.77556e-17, 1, -2.53159e-08, 0.107371, -7.288e-11)
constraints/2/bone_direction = Transform3D(1, -2.1653e-07, 7.01522e-14, 2.1653e-07, 1, 2.15494e-13, 0, -2.75002e-13, 1, 0, 0, 0)
constraints/3/bone_name = &"A3"
constraints/3/twist_from = -1.45037
constraints/3/twist_range = 0.0872665
constraints/3/twist_current = 1.0
constraints/3/kusudama_limit_cone_count = 0
constraints/3/kusudama_twist = Transform3D(-0.0845399, -0.86287, -0.498306, 0.862869, -0.313493, 0.396457, -0.498306, -0.396457, 0.771047, 2.16531e-08, 0.1, 2.75058e-14)
constraints/3/kusudama_orientation = Transform3D(1, -1.38778e-17, 0, 0, 1, 5.55112e-17, 0, -5.55112e-17, 1, 2.16531e-08, 0.1, 2.76654e-14)
constraints/3/bone_direction = Transform3D(0.991438, -0.130579, -8.2265e-05, 0.130579, 0.991437, 0.00125413, -8.22347e-05, -0.00125415, 0.999999, 0, 0, 0)
constraints/4/bone_name = &"B0"
constraints/4/twist_from = -0.684169
constraints/4/twist_range = 0.0872665
constraints/4/twist_current = 1.0
constraints/4/kusudama_limit_cone_count = 0
constraints/4/kusudama_twist = Transform3D(0.908014, 0.418933, 0.00219033, -0.418933, 0.907962, 0.00997503, 0.00219022, -0.00997499, 0.999948, 0.0253592, 0.0925448, 0.000243565)
constraints/4/kusudama_orientation = Transform3D(1, 2.42861e-17, 0, -2.86229e-17, 1, 0, -2.77556e-17, 1.38778e-17, 1, 0.0253592, 0.0925448, 0.000243565)
constraints/4/bone_direction = Transform3D(1, 3.59136e-07, 3.83027e-15, -3.59137e-07, 1, 6.48864e-09, -4.996e-16, -6.48863e-09, 1, 0, 0, 0)
constraints/5/bone_name = &"B1"
constraints/5/twist_from = 0.0
constraints/5/twist_range = 6.28318
constraints/5/twist_current = 1.0
constraints/5/kusudama_limit_cone_count = 0
constraints/5/kusudama_twist = Transform3D(0.998901, -0.0468696, 0.000252383, 0.0468697, 0.998843, -0.0107634, 0.000252386, 0.0107634, 0.999942, -3.52765e-08, 0.098226, 6.37352e-10)
constraints/5/kusudama_orientation = Transform3D(1, 1.38778e-17, 0, -1.38778e-17, 1, -1.38778e-17, 5.55112e-17, 0, 1, -3.52765e-08, 0.098226, 6.37352e-10)
constraints/5/bone_direction = Transform3D(1, 2.48947e-07, 3.99629e-14, -2.48947e-07, 1, -8.11379e-13, -1.35525e-19, 8.20857e-13, 1, 0, 0, 0)
constraints/6/bone_name = &"B2"
constraints/6/twist_from = 0.0
constraints/6/twist_range = 6.28318
constraints/6/twist_current = 1.0
constraints/6/kusudama_limit_cone_count = 0
constraints/6/kusudama_twist = Transform3D(0.999802, 0.0198914, 0.00012186, -0.0198914, 0.999727, 0.0122505, 0.000121855, -0.0122505, 0.999925, -2.48947e-08, 0.1, -8.2101e-14)
constraints/6/kusudama_orientation = Transform3D(1, -1.00797e-18, 2.1684e-19, 7.04731e-19, 1, -1.38778e-17, 2.43945e-19, 0, 1, -2.48947e-08, 0.1, -8.21843e-14)
constraints/6/bone_direction = Transform3D(1, 6.44206e-07, 9.7394e-14, -6.44206e-07, 1, 8.20732e-13, 5.42101e-20, -7.95787e-13, 1, 0, 0, 0)
constraints/7/bone_name = &"B3"
constraints/7/twist_from = 0.0
constraints/7/twist_range = 6.28318
constraints/7/twist_current = 1.0
constraints/7/kusudama_limit_cone_count = 0
constraints/7/kusudama_twist = Transform3D(0.999973, -0.00734353, -0.000208347, 0.00734352, 0.998364, 0.0566964, -0.000208354, -0.0566964, 0.998391, -6.44204e-08, 0.0999997, 7.95614e-14)
constraints/7/kusudama_orientation = Transform3D(1, 1.82959e-19, 5.42101e-20, 1.24683e-18, 1, 6.93889e-18, 0, -6.93889e-18, 1, -6.44204e-08, 0.0999997, 7.95475e-14)
constraints/7/bone_direction = Transform3D(1, 0, 0, 0, 1, 0, 0, 0, 1, 0, 0, 0)
constraints/8/bone_name = &"C0"
constraints/8/twist_from = -0.84823
constraints/8/twist_range = 0.0872665
constraints/8/twist_current = 1.0
constraints/8/kusudama_limit_cone_count = 0
constraints/8/kusudama_twist = Transform3D(0.895226, -0.443015, 0.0480426, 0.443015, 0.873197, -0.203139, 0.0480427, 0.203139, 0.977971, 2.04287e-07, 0.0999999, 1.27176e-13)
constraints/8/kusudama_orientation = Transform3D(1, 2.42861e-17, 0, -2.86229e-17, 1, 0, -2.77556e-17, 1.38778e-17, 1, 2.04287e-07, 0.0999999, 1.26912e-13)
constraints/8/bone_direction = Transform3D(1, -3.27222e-07, -1.32783e-13, 3.27222e-07, 1, 4.65877e-14, 5.55112e-17, -4.10227e-14, 1, 0, 0, 0)
constraints/9/bone_name = &"C1"
constraints/9/twist_from = -1.31423
constraints/9/twist_range = 6.28318
constraints/9/twist_current = 1.0
constraints/9/kusudama_limit_cone_count = 0
constraints/9/kusudama_twist = Transform3D(0.962086, -0.266862, 0.0563514, 0.266862, 0.878331, -0.396635, 0.0563515, 0.396635, 0.916245, 3.27223e-08, 0.1, 4.05231e-15)
constraints/9/kusudama_orientation = Transform3D(1, 2.77556e-17, 0, 1.38778e-17, 1, 1.38778e-17, 0, -5.55112e-17, 1, 3.27223e-08, 0.1, 4.57967e-15)
constraints/9/bone_direction = Transform3D(1, 2.98023e-07, 6.35412e-14, -2.98023e-07, 1, 5.82853e-13, 1.73472e-18, -6.38517e-13, 1, 0, 0, 0)
constraints/10/bone_name = &"C2"
constraints/10/twist_from = 0.0
constraints/10/twist_range = 6.28318
constraints/10/twist_current = 1.0
constraints/10/kusudama_limit_cone_count = 0
constraints/10/kusudama_twist = Transform3D(0.999444, -0.0333348, -0.000331036, 0.0333348, 0.999247, 0.0198534, -0.000331024, -0.0198534, 0.999803, -2.98023e-08, 0.1, 6.38517e-14)
constraints/10/kusudama_orientation = Transform3D(1, 1.35525e-17, 0, 5.09575e-18, 1, 0, 3.46945e-18, 0, 1, -2.98023e-08, 0.1, 6.38933e-14)
constraints/10/bone_direction = Transform3D(1, 2.98023e-07, 6.42169e-14, -2.98023e-07, 1, 3.63473e-13, -8.67362e-19, -4.20095e-13, 1, 0, 0, 0)
constraints/11/bone_name = &"C3"
constraints/11/twist_from = 0.0
constraints/11/twist_range = 6.28318
constraints/11/twist_current = 1.0
constraints/11/kusudama_limit_cone_count = 0
constraints/11/kusudama_twist = Transform3D(0.990509, -0.137335, -0.00563788, 0.137334, 0.98716, 0.0815767, -0.00563783, -0.0815767, 0.996651, -2.98024e-08, 0.1, 4.20358e-14)
constraints/11/kusudama_orientation = Transform3D(1, -2.54788e-18, 0, 3.85976e-17, 1, 0, -8.67362e-19, 0, 1, -2.98024e-08, 0.1, 4.20913e-14)
constraints/11/bone_direction = Transform3D(1, 0, 0, 0, 1, 0, 0, 0, 1, 0, 0, 0)
bone_count = 12
bone/0/bone_name = "A0"
bone/0/damp = 3.14159
bone/1/bone_name = "A1"
bone/1/damp = 3.14159
bone/2/bone_name = "A2"
bone/2/damp = 3.14159
bone/3/bone_name = "A3"
bone/3/damp = 3.14159
bone/4/bone_name = "B0"
bone/4/damp = 3.14159
bone/5/bone_name = "B1"
bone/5/damp = 3.14159
bone/6/bone_name = "B2"
bone/6/damp = 3.14159
bone/7/bone_name = "B3"
bone/7/damp = 3.14159
bone/8/bone_name = "C0"
bone/8/damp = 3.14159
bone/9/bone_name = "C1"
bone/9/damp = 3.14159
bone/10/bone_name = "C2"
bone/10/damp = 3.14159
bone/11/bone_name = "C3"
bone/11/damp = 3.14159

[node name="A0" type="Marker3D" parent="Armature/Skeleton3D/ManyBoneIK3D" index="0"]
transform = Transform3D(0.997749, 0.0286568, 0.0606215, -0.0277527, 0.999491, -0.0157047, -0.0610407, 0.0139869, 0.998037, -0.00265493, 0.0074012, -0.00129578)

[node name="A1" type="Marker3D" parent="Armature/Skeleton3D/ManyBoneIK3D" index="1"]
transform = Transform3D(0.997829, 0.057671, -0.0317864, -0.0576418, 0.998335, 0.00183559, 0.0318394, 6.08944e-07, 0.999493, 1.97773e-08, 0.0999999, 5.27461e-08)

[node name="A2" type="Marker3D" parent="Armature/Skeleton3D/ManyBoneIK3D" index="2"]
transform = Transform3D(0.999126, 0.0417938, 8.78038e-07, -0.0417939, 0.999125, -5.79505e-07, -8.67721e-07, 5.24481e-07, 1, 0.00619218, 0.207192, 1.1725e-07)

[node name="A3" type="Marker3D" parent="Armature/Skeleton3D/ManyBoneIK3D" index="3"]
transform = Transform3D(0.999126, 0.0417939, 8.58969e-07, -0.0417939, 0.999126, -5.79033e-07, -8.48649e-07, 5.24806e-07, 1, 0.0103716, 0.307105, 1.69698e-07)

[node name="B0" type="Marker3D" parent="Armature/Skeleton3D/ManyBoneIK3D" index="4"]
transform = Transform3D(0.981396, 0.0417941, -0.187393, -0.0410525, 0.999126, 0.0078382, 0.187556, 5.44906e-07, 0.982254, 0.014551, 0.407017, 2.22338e-07)

[node name="B1" type="Marker3D" parent="Armature/Skeleton3D/ManyBoneIK3D" index="5"]
transform = Transform3D(0.99999, -0.00444672, 1.12747e-06, 0.00444665, 0.99999, -5.02383e-07, -1.13747e-06, 4.90118e-07, 1, 0.0186562, 0.505157, 2.69871e-07)

[node name="B2" type="Marker3D" parent="Armature/Skeleton3D/ManyBoneIK3D" index="6"]
transform = Transform3D(0.999816, 0.0191688, 1.98752e-07, -0.0191689, 0.999816, -5.05298e-07, -2.20236e-07, 4.83837e-07, 1, 0.0182115, 0.605156, 3.18883e-07)

[node name="B3" type="Marker3D" parent="Armature/Skeleton3D/ManyBoneIK3D" index="7"]
transform = Transform3D(0.999999, -1.0359e-07, 7.6975e-07, 4.56404e-08, 1, -5.03852e-07, -7.81919e-07, 4.86525e-07, 1, 0.0201283, 0.705138, 3.67267e-07)

[node name="C0" type="Marker3D" parent="Armature/Skeleton3D/ManyBoneIK3D" index="8"]
transform = Transform3D(0.431693, -0.902021, 2.69538e-07, 0.90202, 0.431693, 1.58521e-07, -2.62437e-07, 1.36639e-07, 1, 0.0145512, 0.407017, 2.22179e-07)

[node name="C1" type="Marker3D" parent="Armature/Skeleton3D/ManyBoneIK3D" index="9"]
transform = Transform3D(-8.79928e-08, -1, -5.43481e-08, 0.999999, -2.39559e-08, 9.51348e-08, -1.14352e-07, -8.73428e-08, 1, -0.0756511, 0.450187, 2.35843e-07)

[node name="C2" type="Marker3D" parent="Armature/Skeleton3D/ManyBoneIK3D" index="10"]
transform = Transform3D(-8.79928e-08, -1, -5.43482e-08, 0.999999, -2.39559e-08, 9.51348e-08, -1.14352e-07, -8.73428e-08, 1, -0.175651, 0.450187, 2.27108e-07)

[node name="C3" type="Marker3D" parent="Armature/Skeleton3D/ManyBoneIK3D" index="11"]
transform = Transform3D(-3.86016e-07, -1, -5.43479e-08, 0.999999, -3.21979e-07, 9.51348e-08, -1.14352e-07, -8.73425e-08, 1, -0.275652, 0.450186, 2.18374e-07)
