[gd_scene load_steps=3 format=3 uid="uid://dh0fq8ualodms"]

[ext_resource type="PackedScene" uid="uid://q6dplxqrb08h" path="res://SK_black_cat_christmas/scenes/renik.tscn" id="1_18d4s"]
[ext_resource type="PackedScene" uid="uid://chwek755owmjn" path="res://SK_black_cat_winter/scenes/666344209642962256.tscn" id="2_cbkj6"]

[node name="Node3D" type="Node3D"]

[node name="Black Cat Fire Christmas 2022" parent="." instance=ExtResource("1_18d4s")]

[node name="GeneralSkeleton" parent="Black Cat Fire Christmas 2022" index="0"]
bones/1/position = Vector3(-0.000231912, 0.896172, 0.0120455)
bones/2/position = Vector3(0.190448, -0.0180032, 0.00809027)
bones/3/position = Vector3(-1.49012e-08, 0, 0)
bones/4/position = Vector3(0.0514075, -0.131807, -0.00857055)
bones/5/position = Vector3(0.0415333, -0.125773, -0.00722464)
bones/6/position = Vector3(-0.190447, -0.0180034, 0.00809028)
bones/7/position = Vector3(-1.49012e-08, 0, -3.72529e-09)
bones/8/position = Vector3(-0.0514073, -0.131807, -0.00857055)
bones/9/position = Vector3(-0.0415333, -0.125773, -0.00722462)
bones/10/position = Vector3(5.06406e-09, 0.051563, 0.0123953)
bones/11/position = Vector3(9.70609e-09, 0.11191, 0.00302007)
bones/12/position = Vector3(-4.40923e-09, 0.106593, -0.0145037)
bones/13/position = Vector3(0.0532141, -0.00718558, 0.0683069)
bones/14/position = Vector3(0.0254035, 0.00607991, 0.0494126)
bones/15/position = Vector3(-0.0532141, -0.00718558, 0.0683069)
bones/16/position = Vector3(-0.0254035, 0.00607991, 0.0494126)
bones/17/position = Vector3(-6.51926e-09, 0.130998, -0.0379822)
bones/18/position = Vector3(3.2087e-08, 0.0722129, 0.00903512)
bones/19/position = Vector3(0.0172225, 0.062267, 0.0213073)
bones/20/position = Vector3(-0.0172225, 0.062267, 0.0213073)
bones/21/position = Vector3(0.0146427, 0.0943517, 0.109565)
bones/22/position = Vector3(0.0439813, 0.0905977, 0.0981873)
bones/23/position = Vector3(-0.0530857, 0.0906577, 0.0928712)
bones/24/position = Vector3(0.0636816, 0.0761398, 0.0814278)
bones/25/position = Vector3(0.0736907, 0.0421695, 0.0593943)
bones/26/position = Vector3(-0.0736134, 0.0415136, 0.0592559)
bones/27/position = Vector3(-0.0642004, -0.0811568, -0.0733366)
bones/28/position = Vector3(-0.000193502, -0.101838, -0.0869601)
bones/29/position = Vector3(0.0537261, -0.0875516, -0.077579)
bones/30/position = Vector3(0.100391, 0.000101089, 0.00823336)
bones/31/position = Vector3(-0.111462, 0.000760198, 0.00822112)
bones/32/position = Vector3(0.0817851, 0.165675, 0.000595715)
bones/33/position = Vector3(0, 0, -1.86264e-09)
bones/34/position = Vector3(0.0464001, 0.0663677, 0.0234933)
bones/35/position = Vector3(-0.081785, 0.165675, 0.000595767)
bones/36/position = Vector3(0, 0, 1.02445e-08)
bones/37/position = Vector3(-0.0464, 0.0663678, 0.0234933)
bones/38/position = Vector3(-0.0489245, 0.117383, 0.115434)
bones/39/position = Vector3(0.0221645, 0.104655, -0.0296766)
bones/40/position = Vector3(1.86264e-09, 0.0848126, -0.0120752)
bones/41/position = Vector3(0.000147959, 0.217661, 0.0006212)
bones/42/position = Vector3(0.000624299, 0.211906, 0.000261863)
bones/43/position = Vector3(-0.0192757, 0.0646013, -0.00702643)
bones/44/position = Vector3(-4.42465e-05, 0.0327898, 0.000158548)
bones/45/position = Vector3(0.000203927, 0.0201756, 0.00067997)
bones/46/position = Vector3(0.0288766, 0.0602461, -0.00663566)
bones/47/position = Vector3(0.000194121, 0.0309896, 0.00016892)
bones/48/position = Vector3(0.000111565, 0.0178601, 0.000145078)
bones/49/position = Vector3(-0.00190952, 0.0654675, -0.00686979)
bones/50/position = Vector3(8.11564e-05, 0.0365231, 0.000246882)
bones/51/position = Vector3(5.00036e-05, 0.0225318, 0.000161767)
bones/52/position = Vector3(0.0135082, 0.0647106, -0.00674033)
bones/53/position = Vector3(0.000190619, 0.0338794, 0.000209332)
bones/54/position = Vector3(0.000110017, 0.0195519, 0.000121474)
bones/55/position = Vector3(-0.0158254, 0.00342071, 0.00975502)
bones/56/position = Vector3(-0.0023588, 0.0457019, -0.00432568)
bones/57/position = Vector3(-0.00128638, 0.0282111, -0.00138109)
bones/58/position = Vector3(0.00799221, -0.00484871, 0.0157121)
bones/59/position = Vector3(0.0023832, 0.0449289, 0.00449073)
bones/60/position = Vector3(0.0201728, 0.102518, 0.00207334)
bones/61/position = Vector3(0.0770936, 0.00506979, 0.00374565)
bones/62/position = Vector3(-0.0221645, 0.104655, -0.0296766)
bones/63/position = Vector3(-1.86264e-09, 0.0848125, -0.0120753)
bones/64/position = Vector3(-0.000148171, 0.217661, 0.000620842)
bones/65/position = Vector3(-0.00062406, 0.211906, 0.000261395)
bones/66/position = Vector3(0.0192756, 0.0646013, -0.00702656)
bones/67/position = Vector3(4.44459e-05, 0.0327898, 0.000158429)
bones/68/position = Vector3(-0.000203799, 0.0201756, 0.00067997)
bones/69/position = Vector3(-0.0288766, 0.0602459, -0.00663578)
bones/70/position = Vector3(-0.000193488, 0.0309896, 0.000168681)
bones/71/position = Vector3(-0.000111207, 0.0178603, 0.00014472)
bones/72/position = Vector3(0.00190939, 0.0654675, -0.00686991)
bones/73/position = Vector3(-8.12179e-05, 0.0365232, 0.000246524)
bones/74/position = Vector3(-5.00446e-05, 0.0225319, 0.000161767)
bones/75/position = Vector3(-0.0135084, 0.0647106, -0.00674057)
bones/76/position = Vector3(-0.000190495, 0.0338796, 0.000209451)
bones/77/position = Vector3(-0.000109946, 0.0195518, 0.000121355)
bones/78/position = Vector3(0.0158254, 0.00342083, 0.00975493)
bones/79/position = Vector3(0.0023365, 0.0457017, -0.00434064)
bones/80/position = Vector3(0.00127316, 0.0282113, -0.0013882)
bones/81/position = Vector3(-0.00799219, -0.00484866, 0.0157121)
bones/82/position = Vector3(-0.00238327, 0.0449288, 0.00449061)
bones/83/position = Vector3(-0.0201728, 0.102518, 0.00207323)
bones/84/position = Vector3(-0.0770936, 0.00506982, 0.00374614)
bones/85/position = Vector3(0.0763605, -0.0393862, -0.00362056)
bones/86/position = Vector3(0.00645694, 0.348783, -0.00599323)
bones/87/position = Vector3(-0.0106744, 0.408933, 0.0211781)
bones/88/position = Vector3(0.00228127, 0.109638, -0.0608564)
bones/89/position = Vector3(0.0124926, -0.0336269, -0.127757)
bones/91/position = Vector3(-0.0230997, 0.120839, -0.0556245)
bones/92/position = Vector3(-0.0229167, 0.122336, -0.0506407)
bones/93/position = Vector3(-0.0111086, -0.00415224, 0.142005)
bones/94/position = Vector3(0, 5.96046e-08, 0)
bones/95/position = Vector3(-0.0216237, 0.122613, 0.0177881)
bones/96/position = Vector3(-0.026217, 0.149689, 0.0220936)
bones/97/position = Vector3(-0.0763605, -0.0393862, -0.00362055)
bones/98/position = Vector3(-0.00645741, 0.348783, -0.00599312)
bones/99/position = Vector3(0.0106752, 0.408933, 0.021178)
bones/100/position = Vector3(-0.00228185, 0.109639, -0.0608561)
bones/101/position = Vector3(-0.0124943, -0.0336267, -0.127757)
bones/102/position = Vector3(0, 0, 7.45058e-09)
bones/103/position = Vector3(0.0230989, 0.12084, -0.0556247)
bones/104/position = Vector3(0.0229164, 0.122335, -0.0506409)
bones/105/position = Vector3(0.0111107, -0.004152, 0.142005)
bones/107/position = Vector3(0.0216238, 0.122612, 0.0177878)
bones/108/position = Vector3(0.0262166, 0.149689, 0.0220934)

[node name="RenIK" parent="Black Cat Fire Christmas 2022/GeneralSkeleton" index="0"]
armature_skeleton_path = NodePath("/root/@@16565/@@655/@@656/@@665/@@668/@@676/@@684/@@685/@@687/@@713/@@714/@@753/MainScreen/@@9722/@@9549/@@9551/@@9553/@@9554/@@9555/@@9556/Node3D/Black Cat Fire Christmas 2022/GeneralSkeleton")

[node name="RightFoot" parent="Black Cat Fire Christmas 2022/GeneralSkeleton" index="9"]
transform = Transform3D(-1, 0, 0, 0, -2.22045e-16, 1, 0, 1, 2.22045e-16, -0.0594599, 1.01114, -1.46308)

[node name="Label3D" type="Label3D" parent="Black Cat Fire Christmas 2022"]
transform = Transform3D(1, 0, 0, 0, 1, 0, 0, 0, 1, 0, 1.8, 0)
text = "RenIK"

[node name="666344209642962256" parent="." instance=ExtResource("2_cbkj6")]
transform = Transform3D(1, 0, 0, 0, 1, 0, 0, 0, 1, 1.46152, 0, 0)

[node name="GeneralSkeleton" parent="666344209642962256" index="0"]
bones/1/position = Vector3(-0.000406706, 0.968936, 0.0121899)
bones/2/position = Vector3(0.190448, -0.0180031, 0.00809027)
bones/3/position = Vector3(-1.49012e-08, 0, 3.72529e-09)
bones/4/position = Vector3(0.0514075, -0.131807, -0.00857058)
bones/5/position = Vector3(0.0415334, -0.125774, -0.00722465)
bones/6/position = Vector3(-0.190448, -0.0180035, 0.00809027)
bones/7/position = Vector3(-1.49012e-08, 0, 7.45058e-09)
bones/8/position = Vector3(-0.0514073, -0.131807, -0.00857057)
bones/9/position = Vector3(-0.0415334, -0.125774, -0.00722462)
bones/10/position = Vector3(0.190448, -0.0180031, 0.00809027)
bones/11/position = Vector3(-1.49012e-08, 0, 3.72529e-09)
bones/12/position = Vector3(0.0514075, -0.131807, -0.00857058)
bones/13/position = Vector3(0.0415334, -0.125774, -0.00722465)
bones/14/position = Vector3(-0.190448, -0.0180035, 0.00809027)
bones/15/position = Vector3(-1.49012e-08, 0, 7.45058e-09)
bones/16/position = Vector3(-0.0514073, -0.131807, -0.00857057)
bones/17/position = Vector3(-0.0415334, -0.125774, -0.00722462)
bones/18/position = Vector3(8.49832e-09, 0.0515931, 0.0123965)
bones/19/position = Vector3(2.51457e-08, 0.111936, 0.0030212)
bones/20/position = Vector3(1.60653e-08, 0.106596, -0.0145034)
bones/21/position = Vector3(0.0532141, -0.00718558, 0.0683069)
bones/22/position = Vector3(0.0254035, 0.00607991, 0.0494126)
bones/23/position = Vector3(-0.0532141, -0.00718558, 0.0683069)
bones/24/position = Vector3(-0.0254035, 0.00607991, 0.0494126)
bones/25/position = Vector3(-2.1384e-08, 0.131055, -0.0379818)
bones/26/position = Vector3(3.62052e-08, 0.0722442, 0.00903308)
bones/27/position = Vector3(0.0172225, 0.0622669, 0.0213073)
bones/28/position = Vector3(-0.0172225, 0.062267, 0.0213073)
bones/29/position = Vector3(0.0146428, 0.0943514, 0.109565)
bones/30/position = Vector3(0.0439813, 0.0905975, 0.0981871)
bones/31/position = Vector3(-0.0530857, 0.0906579, 0.0928711)
bones/32/position = Vector3(0.0636816, 0.07614, 0.0814277)
bones/33/position = Vector3(0.0736908, 0.0421695, 0.0593942)
bones/34/position = Vector3(-0.0736134, 0.0415137, 0.059256)
bones/35/position = Vector3(-0.0642004, -0.0811567, -0.0733366)
bones/36/position = Vector3(-0.000193502, -0.101839, -0.0869601)
bones/37/position = Vector3(0.0537262, -0.0875516, -0.077579)
bones/38/position = Vector3(0.100391, 0.000101089, 0.00823337)
bones/39/position = Vector3(-0.111463, 0.000760078, 0.00822112)
bones/40/position = Vector3(2.28756e-08, 0.0725944, -0.00773041)
bones/41/position = Vector3(0.0817851, 0.165675, 0.000595758)
bones/42/position = Vector3(7.45058e-09, 0, -3.72529e-09)
bones/43/position = Vector3(0.0464001, 0.0663677, 0.0234933)
bones/44/position = Vector3(-0.081785, 0.165675, 0.000595825)
bones/45/position = Vector3(0, 0, 7.45058e-09)
bones/46/position = Vector3(-0.0464, 0.0663679, 0.0234932)
bones/47/position = Vector3(-0.0489244, 0.117384, 0.115434)
bones/48/position = Vector3(0.0221653, 0.104741, -0.0296761)
bones/49/position = Vector3(-1.54972e-06, 0.0848147, -0.0120825)
bones/50/position = Vector3(0.00014852, 0.217663, 0.000629783)
bones/51/position = Vector3(0.000629306, 0.211906, 0.00026229)
bones/52/position = Vector3(-0.0192757, 0.0646013, -0.00702632)
bones/53/position = Vector3(-4.42441e-05, 0.0327899, 0.00015831)
bones/54/position = Vector3(0.000203931, 0.0201757, 0.000680089)
bones/55/position = Vector3(0.0288765, 0.060246, -0.00663566)
bones/56/position = Vector3(0.000194124, 0.0309895, 0.000168919)
bones/57/position = Vector3(0.000111565, 0.0178601, 0.000145197)
bones/58/position = Vector3(-0.00190951, 0.0654674, -0.00686967)
bones/59/position = Vector3(8.11563e-05, 0.0365231, 0.000246763)
bones/60/position = Vector3(5.00046e-05, 0.0225318, 0.000161767)
bones/61/position = Vector3(0.0135082, 0.0647106, -0.00674034)
bones/62/position = Vector3(0.000190618, 0.0338794, 0.000209451)
bones/63/position = Vector3(0.000110019, 0.0195519, 0.000121355)
bones/64/position = Vector3(-0.0158254, 0.00342071, 0.00975506)
bones/65/position = Vector3(-0.0023588, 0.0457019, -0.00432568)
bones/66/position = Vector3(-0.00128639, 0.0282111, -0.00138109)
bones/67/position = Vector3(0.00799221, -0.00484872, 0.0157122)
bones/68/position = Vector3(0.0023832, 0.0449289, 0.00449061)
bones/69/position = Vector3(0.0201729, 0.102517, 0.00207333)
bones/70/position = Vector3(0.0770936, 0.00506979, 0.00374565)
bones/71/position = Vector3(-0.0221652, 0.10473, -0.0296764)
bones/72/position = Vector3(-2.08616e-07, 0.0848112, -0.0120775)
bones/73/position = Vector3(-0.000148267, 0.21766, 0.000617027)
bones/74/position = Vector3(-0.000614882, 0.211913, 0.000261396)
bones/75/position = Vector3(0.0192755, 0.0646013, -0.00702643)
bones/76/position = Vector3(4.44425e-05, 0.0327899, 0.000158429)
bones/77/position = Vector3(-0.000203799, 0.0201757, 0.000679969)
bones/78/position = Vector3(-0.0288766, 0.0602459, -0.00663566)
bones/79/position = Vector3(-0.000193499, 0.0309896, 0.000168562)
bones/80/position = Vector3(-0.000111211, 0.0178602, 0.000144959)
bones/81/position = Vector3(0.00190938, 0.0654674, -0.0068698)
bones/82/position = Vector3(-8.12234e-05, 0.0365232, 0.000246524)
bones/83/position = Vector3(-5.00465e-05, 0.0225319, 0.000161648)
bones/84/position = Vector3(-0.0135083, 0.0647106, -0.00674034)
bones/85/position = Vector3(-0.000190501, 0.0338795, 0.000209332)
bones/86/position = Vector3(-0.00010995, 0.0195518, 0.000121355)
bones/87/position = Vector3(0.0158254, 0.00342083, 0.00975515)
bones/88/position = Vector3(0.00233639, 0.0457017, -0.00434064)
bones/89/position = Vector3(0.00127315, 0.0282113, -0.0013882)
bones/90/position = Vector3(-0.00799219, -0.00484866, 0.0157123)
bones/91/position = Vector3(-0.00238328, 0.0449288, 0.0044905)
bones/92/position = Vector3(-0.0201727, 0.102517, 0.00207323)
bones/93/position = Vector3(-0.0770936, 0.00506982, 0.00374613)
bones/94/position = Vector3(0.0763679, -0.039384, -0.00362024)
bones/95/position = Vector3(0.00645748, 0.348796, -0.00599338)
bones/96/position = Vector3(-0.0106749, 0.408939, 0.0211786)
bones/97/position = Vector3(0.00228126, 0.109638, -0.0608564)
bones/98/position = Vector3(0.0124927, -0.0336268, -0.127756)
bones/100/position = Vector3(-0.0230997, 0.120839, -0.0556245)
bones/101/position = Vector3(-0.0229168, 0.122335, -0.0506408)
bones/102/position = Vector3(-0.0111087, -0.00415212, 0.142004)
bones/104/position = Vector3(-0.0216237, 0.122612, 0.0177881)
bones/105/position = Vector3(-0.0262169, 0.14969, 0.0220936)
bones/106/position = Vector3(0.0124927, -0.0336268, -0.127756)
bones/108/position = Vector3(-0.0230997, 0.120839, -0.0556245)
bones/109/position = Vector3(-0.0229168, 0.122335, -0.0506408)
bones/110/position = Vector3(-0.0111087, -0.00415212, 0.142004)
bones/112/position = Vector3(-0.0216237, 0.122612, 0.0177881)
bones/113/position = Vector3(-0.0262169, 0.14969, 0.0220936)
bones/114/position = Vector3(-0.0763605, -0.0393829, -0.00362027)
bones/115/position = Vector3(-0.00645775, 0.348792, -0.00599348)
bones/116/position = Vector3(0.0106762, 0.408951, 0.0211791)
bones/117/position = Vector3(-0.00228185, 0.109638, -0.0608562)
bones/118/position = Vector3(-0.0124944, -0.0336267, -0.127757)
bones/119/position = Vector3(0, 0, 7.45058e-09)
bones/120/position = Vector3(0.0230989, 0.12084, -0.0556248)
bones/121/position = Vector3(0.0229164, 0.122335, -0.0506409)
bones/122/position = Vector3(0.0111106, -0.00415194, 0.142004)
bones/124/position = Vector3(0.0216238, 0.122612, 0.0177877)
bones/125/position = Vector3(0.0262166, 0.14969, 0.0220934)
bones/126/position = Vector3(-0.0124944, -0.0336267, -0.127757)
bones/127/position = Vector3(0, 0, 7.45058e-09)
bones/128/position = Vector3(0.0230989, 0.12084, -0.0556248)
bones/129/position = Vector3(0.0229164, 0.122335, -0.0506409)
bones/130/position = Vector3(0.0111106, -0.00415194, 0.142004)
bones/132/position = Vector3(0.0216238, 0.122612, 0.0177877)
bones/133/position = Vector3(0.0262166, 0.14969, 0.0220934)

[node name="ManyBoneIK3D" parent="666344209642962256/GeneralSkeleton" index="2"]
constraints/0/bone_direction = Transform3D(1, 0.000419712, 2.64003e-06, -0.000419712, 0.999921, 0.0125797, 2.64003e-06, -0.0125797, 0.999921, 0, 0, 0)
constraints/1/kusudama_twist = Transform3D(0.975117, 0.0090237, 0.221507, -0.0090237, -0.996728, 0.0803286, 0.221507, -0.0803286, -0.971845, -0.000406706, 0.968936, 0.0121899)
constraints/1/kusudama_orientation = Transform3D(1, 0, 0, 0, 1, 0, 0, 0, 1, -0.000406706, 0.968936, 0.0121899)
constraints/1/bone_direction = Transform3D(0.999996, -0.000267855, -0.00284855, 0.000267855, -0.982471, 0.186415, -0.00284855, -0.186415, -0.982467, 0, 0, 0)
constraints/18/kusudama_twist = Transform3D(1, 3.85186e-34, 4.16334e-17, -1.73472e-18, 1, 4.16334e-17, 4.16334e-17, 2.77556e-17, 1, 8.49832e-09, 0.0515931, 0.0123965)
constraints/18/kusudama_orientation = Transform3D(1, 0, 1.38778e-17, 0, 1, 1.38778e-17, 1.38778e-17, 1.38778e-17, 1, 8.49832e-09, 0.0515931, 0.0123965)
constraints/18/bone_direction = Transform3D(1, -2.24562e-07, -3.02996e-09, 2.24562e-07, 0.999636, 0.0269806, -3.02996e-09, -0.0269806, 0.999636, 0, 0, 0)
constraints/19/kusudama_twist = Transform3D(1, 8.67362e-19, 2.08167e-17, 2.60209e-18, 1, 1.38778e-17, -2.40741e-35, -4.16334e-17, 1, 2.51457e-08, 0.111936, 0.0030212)
constraints/19/kusudama_orientation = Transform3D(1, 8.67362e-19, 6.93889e-18, 8.67362e-19, 1, 0, 0, -1.38778e-17, 1, 2.51457e-08, 0.111936, 0.0030212)
constraints/19/bone_direction = Transform3D(1, -1.49336e-07, 1.01127e-08, 1.49336e-07, 0.99087, -0.134817, 1.01127e-08, 0.134817, 0.99087, 0, 0, 0)
constraints/20/kusudama_twist = Transform3D(1, -6.93889e-18, -8.32667e-17, 6.93889e-18, 1, 8.32667e-17, 8.32667e-17, -1.92593e-34, 1, 1.60653e-08, 0.106596, -0.0145034)
constraints/20/kusudama_orientation = Transform3D(1, -3.46945e-18, -2.77556e-17, 3.46945e-18, 1, 2.77556e-17, 2.77556e-17, 0, 1, 1.60653e-08, 0.106596, -0.0145034)
constraints/20/bone_direction = Transform3D(1, -2.21976e-07, 3.11015e-08, 2.21976e-07, 0.961493, -0.274829, 3.11015e-08, 0.274829, 0.961493, 0, 0, 0)
constraints/25/kusudama_twist = Transform3D(1, 0, 5.20417e-18, -2.1684e-19, 1, 2.08167e-17, 1.73472e-18, -1.38778e-17, 1, -2.1384e-08, 0.131055, -0.0379818)
constraints/25/kusudama_orientation = Transform3D(1, 0, 1.73472e-18, 0, 1, 0, 0, 0, 1, -2.1384e-08, 0.131055, -0.0379818)
constraints/25/bone_direction = Transform3D(1, -4.97278e-07, -3.09681e-08, 4.97278e-07, 0.992274, 0.124069, -3.09681e-08, -0.124069, 0.992274, 0, 0, 0)
constraints/26/kusudama_twist = Transform3D(1, -2.1684e-19, -2.40741e-35, 8.67362e-19, 1, 1.38778e-16, 1.20371e-35, 2.77556e-17, 1, 3.62052e-08, 0.0722442, 0.00903308)
constraints/26/kusudama_orientation = Transform3D(1, 0, 0, 2.1684e-19, 1, 5.55112e-17, 0, 0, 1, 3.62052e-08, 0.0722442, 0.00903308)
constraints/26/bone_direction = Transform3D(1, -0.000582578, 9.65887e-10, 0.000582578, 1, -3.3159e-06, 9.65887e-10, 3.3159e-06, 1, 0, 0, 0)
constraints/48/kusudama_twist = Transform3D(-9.37293e-16, 1, 4.85723e-17, -1, -8.57495e-16, -1.73472e-17, 1.38778e-17, 0, 1, 0.0221653, 0.104741, -0.0296761)
constraints/48/kusudama_orientation = Transform3D(1, 0, 1.73472e-18, 0, 1, 0, 0, 0, 1, 0.0221653, 0.104741, -0.0296761)
constraints/48/bone_direction = Transform3D(1, 1.80892e-05, -1.282e-06, -1.80892e-05, 0.990005, -0.141034, -1.282e-06, 0.141034, 0.990005, 0, 0, 0)
constraints/49/kusudama_twist = Transform3D(0.624649, 0.765446, 0.154615, -0.765446, 0.56096, 0.315303, 0.154615, -0.315303, 0.936311, -1.54972e-06, 0.0848147, -0.0120825)
constraints/49/kusudama_orientation = Transform3D(1, 0, 0, 0, 1, -6.93889e-18, 0, -1.38778e-17, 1, -1.54972e-06, 0.0848147, -0.0120825)
constraints/49/bone_direction = Transform3D(1, -0.000682336, -9.87129e-07, 0.000682336, 0.999996, 0.00289337, -9.87129e-07, -0.00289337, 0.999996, 0, 0, 0)
constraints/50/kusudama_twist = Transform3D(0.894427, -0.447214, -2.73677e-17, 0.447214, 0.894427, 2.69798e-17, 4.16334e-17, -6.93889e-18, 1, 0.00014852, 0.217663, 0.000629783)
constraints/50/kusudama_orientation = Transform3D(1, 3.46945e-18, 0, 1.73472e-18, 1, -4.33681e-19, 1.38778e-17, 2.1684e-19, 1, 0.00014852, 0.217663, 0.000629783)
constraints/50/bone_direction = Transform3D(0.999996, -0.00296973, -1.83791e-06, 0.00296973, 0.999995, 0.00123776, -1.83791e-06, -0.00123776, 0.999999, 0, 0, 0)
constraints/51/kusudama_twist = Transform3D(1, 8.67362e-18, 4.16334e-17, 8.67362e-19, 1, 6.93889e-18, 4.16334e-17, -1.20371e-35, 1, 0.000629306, 0.211906, 0.00026229)
constraints/51/kusudama_orientation = Transform3D(1, -8.67362e-19, 1.38778e-17, 3.90313e-18, 1, 3.46945e-18, 1.38778e-17, 0, 1, 0.000629306, 0.211906, 0.00026229)
constraints/51/bone_direction = Transform3D(1, 0.000108496, 8.20704e-10, -0.000108496, 1, 1.51288e-05, 8.20704e-10, -1.51288e-05, 1, 0, 0, 0)
constraints/71/kusudama_twist = Transform3D(-2.70075e-16, -1, 3.08149e-33, 1, -1.91687e-16, -2.25514e-17, 6.93889e-18, 1.38778e-17, 1, -0.0221652, 0.10473, -0.0296764)
constraints/71/kusudama_orientation = Transform3D(1, 0, 1.73472e-18, 0, 1, 0, 0, 0, 1, -0.0221652, 0.10473, -0.0296764)
constraints/71/bone_direction = Transform3D(1, 2.4352e-06, -1.72522e-07, -2.4352e-06, 0.990012, -0.140982, -1.72522e-07, 0.140982, 0.990012, 0, 0, 0)
constraints/72/kusudama_twist = Transform3D(0.718038, -0.694822, -0.0405461, 0.694822, 0.712207, 0.0999153, -0.0405461, -0.0999153, 0.994169, -2.08616e-07, 0.0848112, -0.0120775)
constraints/72/kusudama_orientation = Transform3D(1, 0, 0, 0, 1, 6.04443e-18, 1.73472e-18, -4.49944e-18, 1, -2.08616e-07, 0.0848112, -0.0120775)
constraints/72/bone_direction = Transform3D(1, 0.000681183, 9.65514e-07, -0.000681183, 0.999996, 0.00283481, 9.65514e-07, -0.00283481, 0.999996, 0, 0, 0)
constraints/73/kusudama_twist = Transform3D(0.894427, 0.447214, -1.24706e-16, -0.447214, 0.894427, 7.67157e-17, -1.38778e-17, 4.42354e-17, 1, -0.000148267, 0.21766, 0.000617027)
constraints/73/kusudama_orientation = Transform3D(1, 0, 0, 3.46945e-18, 1, 6.50521e-19, 0, -4.11997e-18, 1, -0.000148267, 0.21766, 0.000617027)
constraints/73/bone_direction = Transform3D(0.999996, 0.00290156, 1.78954e-06, -0.00290156, 0.999995, 0.0012335, 1.78954e-06, -0.0012335, 0.999999, 0, 0, 0)
constraints/74/kusudama_twist = Transform3D(1, -5.72459e-17, -1.38778e-17, 5.94143e-17, 1, 6.93889e-18, -6.01853e-36, 1.04083e-17, 1, -0.000614882, 0.211913, 0.000261396)
constraints/74/kusudama_orientation = Transform3D(1, 4.33681e-19, 0, 1.30104e-18, 1, 3.46945e-18, 0, 3.46945e-18, 1, -0.000614882, 0.211913, 0.000261396)
constraints/74/bone_direction = Transform3D(1, -7.87411e-05, -4.01893e-09, 7.87411e-05, 1, 0.00010208, -4.01893e-09, -0.00010208, 1, 0, 0, 0)
constraints/94/kusudama_twist = Transform3D(-0.999979, 0.00650723, 0.000696611, 0.00650723, 0.977318, 0.211676, 0.000696611, 0.211676, -0.97734, 0.0763679, -0.039384, -0.00362024)
constraints/94/kusudama_orientation = Transform3D(1, 0, 1.38778e-17, 0, 1, 1.38778e-17, 1.38778e-17, 1.38778e-17, 1, 0.0763679, -0.039384, -0.00362024)
constraints/94/bone_direction = Transform3D(0.999829, -0.0185077, 0.000158984, 0.0185077, 0.999681, -0.0171776, 0.000158984, 0.0171776, 0.999852, 0, 0, 0)
constraints/95/kusudama_twist = Transform3D(1, 3.25261e-18, 6.93889e-18, -2.43331e-17, 0.433189, 0.901303, 1.7445e-17, -0.901303, 0.433189, 0.00645748, 0.348796, -0.00599338)
constraints/95/kusudama_orientation = Transform3D(1, -3.25261e-19, 0, -2.1684e-19, 1, -3.46945e-18, 0, -3.46945e-18, 1, 0.00645748, 0.348796, -0.00599338)
constraints/95/bone_direction = Transform3D(0.99966, 0.0260601, 0.000674249, -0.0260601, 0.998322, 0.0517023, 0.000674249, -0.0517023, 0.998662, 0, 0, 0)
constraints/96/kusudama_twist = Transform3D(-4.54261e-16, 1, 2.62377e-17, -1, -4.06126e-16, 6.50521e-18, 7.58942e-19, 0, 1, -0.0106749, 0.408939, 0.0211786)
constraints/96/kusudama_orientation = Transform3D(1, 3.1192e-19, -1.0842e-19, -8.72444e-20, 1, 0, 1.0842e-19, -2.1684e-19, 1, -0.0106749, 0.408939, 0.0211786)
constraints/96/bone_direction = Transform3D(0.999991, 0.00299251, -0.00291794, -0.00299251, 0.025226, -0.999677, -0.00291794, 0.999677, 0.0252348, 0, 0, 0)
constraints/114/kusudama_twist = Transform3D(-0.999979, 0.00650723, 0.000696611, 0.00650723, 0.977318, 0.211676, 0.000696611, 0.211676, -0.97734, -0.0763605, -0.0393829, -0.00362027)
constraints/114/kusudama_orientation = Transform3D(1, 0, 1.38778e-17, 0, 1, 1.38778e-17, 1.38778e-17, 1.38778e-17, 1, -0.0763605, -0.0393829, -0.00362027)
constraints/114/bone_direction = Transform3D(0.999829, 0.0185087, -0.000158997, -0.0185087, 0.999681, -0.0171781, -0.000158997, 0.0171781, 0.999852, 0, 0, 0)
constraints/115/kusudama_twist = Transform3D(1, 6.93889e-17, 5.55112e-17, 2.21255e-17, 0.433189, 0.901303, -4.42017e-17, -0.901303, 0.433189, -0.00645775, 0.348792, -0.00599348)
constraints/115/kusudama_orientation = Transform3D(1, 2.77556e-17, 0, 2.08167e-17, 1, 1.11022e-16, 2.08167e-17, 0, 1, -0.00645775, 0.348792, -0.00599348)
constraints/115/bone_direction = Transform3D(0.99966, -0.0260625, -0.000674307, 0.0260625, 0.998322, 0.051702, -0.000674307, -0.051702, 0.998662, 0, 0, 0)
constraints/116/kusudama_twist = Transform3D(-2.9718e-16, 1, -2.22045e-16, -1, -3.54209e-16, 1.2837e-16, -1.73472e-17, 1.38778e-17, 1, 0.0106762, 0.408951, 0.0211791)
constraints/116/kusudama_orientation = Transform3D(1, -4.11997e-18, 0, 2.60209e-18, 1, 0, 0, 6.93889e-18, 1, 0.0106762, 0.408951, 0.0211791)
constraints/116/bone_direction = Transform3D(0.99688, 0.0551347, -0.0564818, -0.0551347, -0.0256568, -0.998149, -0.0564818, 0.998149, -0.0225369, 0, 0, 0)

[node name="RightFoot" parent="666344209642962256/GeneralSkeleton/ManyBoneIK3D" index="6"]
transform = Transform3D(-1, 0, 0, 0, 0.916474, 0.400093, 0, 0.400093, -0.916474, -0.0596347, 0.26617, -0.432397)

[node name="Label3D" type="Label3D" parent="666344209642962256"]
transform = Transform3D(1, 0, 0, 0, 1, 0, 0, 0, 1, 0, 1.8, 0)
text = "ManyBoneIK"

[editable path="Black Cat Fire Christmas 2022"]
[editable path="666344209642962256"]
