[gd_scene load_steps=2 format=3 uid="uid://cmc53a6055j2u"]

[ext_resource type="PackedScene" uid="uid://cr48tqlh6y3jy" path="res://n_bone_ik/art/many_bone_ik_3_bone_chain.glb" id="1_cpwx0"]

[node name="many_bone_ik_3_bone_chain" instance=ExtResource("1_cpwx0")]

[node name="ManyBoneIK3D" type="ManyBoneIK3D" parent="Armature/Skeleton3D" index="1"]
process_priority = 1
default_damp = 0.05253441
pin_count = 12
pins/0/bone_name = "A0"
pins/0/target_node = NodePath("A0")
pins/0/motion_propagation_factor = 0.0
pins/0/weight = 1.0
pins/0/direction_priorities = Vector3(0.2, 0, 0.2)
pins/1/bone_name = "A1"
pins/1/target_node = NodePath("A1")
pins/1/motion_propagation_factor = 1.0
pins/1/weight = 1.0
pins/1/direction_priorities = Vector3(0.2, 0, 0.2)
pins/2/bone_name = "A2"
pins/2/target_node = NodePath("A2")
pins/2/motion_propagation_factor = 1.0
pins/2/weight = 1.0
pins/2/direction_priorities = Vector3(0.2, 0, 0.2)
pins/3/bone_name = "A3"
pins/3/target_node = NodePath("A3")
pins/3/motion_propagation_factor = 1.0
pins/3/weight = 1.0
pins/3/direction_priorities = Vector3(0.2, 0, 0.2)
pins/4/bone_name = "B0"
pins/4/target_node = NodePath("B0")
pins/4/motion_propagation_factor = 1.0
pins/4/weight = 1.0
pins/4/direction_priorities = Vector3(0.2, 0, 0.2)
pins/5/bone_name = "B1"
pins/5/target_node = NodePath("B1")
pins/5/motion_propagation_factor = 1.0
pins/5/weight = 1.0
pins/5/direction_priorities = Vector3(0.2, 0, 0.2)
pins/6/bone_name = "B2"
pins/6/target_node = NodePath("B2")
pins/6/motion_propagation_factor = 1.0
pins/6/weight = 1.0
pins/6/direction_priorities = Vector3(0.2, 0, 0.2)
pins/7/bone_name = "B3"
pins/7/target_node = NodePath("B3")
pins/7/motion_propagation_factor = 1.0
pins/7/weight = 1.0
pins/7/direction_priorities = Vector3(0.2, 0, 0.2)
pins/8/bone_name = "C0"
pins/8/target_node = NodePath("C0")
pins/8/motion_propagation_factor = 1.0
pins/8/weight = 1.0
pins/8/direction_priorities = Vector3(0.2, 0, 0.2)
pins/9/bone_name = "C1"
pins/9/target_node = NodePath("C1")
pins/9/motion_propagation_factor = 1.0
pins/9/weight = 1.0
pins/9/direction_priorities = Vector3(0.2, 0, 0.2)
pins/10/bone_name = "C2"
pins/10/target_node = NodePath("C2")
pins/10/motion_propagation_factor = 1.0
pins/10/weight = 1.0
pins/10/direction_priorities = Vector3(0.2, 0, 0.2)
pins/11/bone_name = "C3"
pins/11/target_node = NodePath("C3")
pins/11/motion_propagation_factor = 1.0
pins/11/weight = 1.0
pins/11/direction_priorities = Vector3(0.2, 0, 0.2)
constraint_count = 12
constraints/0/bone_name = &"A0"
constraints/0/twist_start = 0.0
constraints/0/twist_end = 0.01745
constraints/0/kusudama_open_cone_count = 0
constraints/0/kusudama_twist = Transform3D(1, 0, 0, 0, 1, 0, 0, 0, 1, 0, 0, 0)
constraints/0/kusudama_orientation = Transform3D(1, 0, 0, 0, 1, 0, 0, 0, 1, -0.00085392036, 0.0019958913, 0.010161132)
constraints/0/bone_direction = Transform3D(0.99999994, 1.7462298e-10, 0, -2.910383e-10, 0.99999994, -9.313226e-10, -3.7252903e-09, 9.313226e-10, 1, 0, 0, 0)
constraints/1/bone_name = &"A1"
constraints/1/twist_start = 0.0
constraints/1/twist_end = 0.01745
constraints/1/kusudama_open_cone_count = 1
constraints/1/kusudama_open_cone/0/center = Vector3(0, 1, 0.1)
constraints/1/kusudama_open_cone/0/radius = 1.0751228
constraints/1/kusudama_twist = Transform3D(1, 3.8999133e-09, 3.7252903e-09, -4.656613e-10, 0.9950371, -0.09950385, -3.7252903e-09, 0.09950371, 0.99503714, 0, 0, 0)
constraints/1/kusudama_orientation = Transform3D(1, 0, 0, 0, 1, 0, 0, 0, 1, 1.0477379e-08, 0.09264542, -3.7252903e-08)
constraints/1/bone_direction = Transform3D(1, 6.7750605e-10, 0, 1.1779449e-09, 1, -8.162715e-11, 3.7252903e-09, 2.747811e-10, 1, 0, 0, 0)
constraints/2/bone_name = &"A2"
constraints/2/twist_start = 0.0
constraints/2/twist_end = 0.01745
constraints/2/kusudama_open_cone_count = 1
constraints/2/kusudama_open_cone/0/center = Vector3(5.55112e-17, 5.55112e-17, 1)
constraints/2/kusudama_open_cone/0/radius = 0.0
constraints/2/kusudama_twist = Transform3D(1, -3.0477825e-09, 3.7252903e-09, -6.7055225e-08, -2.623591e-08, -1.000001, -1.966879e-08, 0.9999991, -6.919788e-08, 0, 0, 0)
constraints/2/kusudama_orientation = Transform3D(1, 0, 0, 0, 1, 0, 0, 0, 1, -1.8626451e-08, 0.10737096, -1.4901161e-07)
constraints/2/bone_direction = Transform3D(1.0000001, 3.7248256e-09, 0, -4.566321e-13, 1.0000001, 0, 1.1368684e-13, -5.684342e-14, 1, 0, 0, 0)
constraints/3/bone_name = &"A3"
constraints/3/twist_start = 0.0
constraints/3/twist_end = 0.01745
constraints/3/kusudama_open_cone_count = 0
constraints/3/kusudama_twist = Transform3D(1, 0, 0, 0, 1, 0, 0, 0, 1, 0, 0, 0)
constraints/3/kusudama_orientation = Transform3D(1, 0, 0, 0, 1, 0, 0, 0, 1, 2.7939677e-09, 0.10000031, -2.9802322e-08)
constraints/3/bone_direction = Transform3D(1, -4.551545e-13, 1.1368684e-13, -4.466483e-13, 1, 0, 1.1368684e-13, -5.684342e-14, 0.99999994, 0, 0, 0)
constraints/4/bone_name = &"B0"
constraints/4/twist_start = 0.0
constraints/4/twist_end = 0.01745
constraints/4/kusudama_open_cone_count = 1
constraints/4/kusudama_open_cone/0/center = Vector3(9.55822e-06, 1.612e-07, 1)
constraints/4/kusudama_open_cone/0/radius = 0.0
constraints/4/kusudama_twist = Transform3D(1, 9.562815e-06, -9.554922e-06, -9.59172e-06, 1.222711e-07, -1.0000001, -9.600074e-06, 0.9999997, 1.0311874e-07, 0, 0, 0)
constraints/4/kusudama_orientation = Transform3D(1, 0, 0, 0, 1, 0, 0, 0, 1, -2.7939677e-08, 0.10000007, 4.8428774e-08)
constraints/4/bone_direction = Transform3D(1.0000001, 1.0662689e-09, 0, 6.053824e-11, 1.0000001, -9.6008534e-11, 1.4901161e-08, -3.688001e-10, 1.0000002, 0, 0, 0)
constraints/5/bone_name = &"B1"
constraints/5/twist_start = 0.0
constraints/5/twist_end = 0.01745
constraints/5/kusudama_open_cone_count = 0
constraints/5/kusudama_twist = Transform3D(1, 0, 0, 0, 1, 0, 0, 0, 1, 0, 0, 0)
constraints/5/kusudama_orientation = Transform3D(1, 0, 0, 0, 1, 0, 0, 0, 1, -3.1664968e-08, 0.09822603, 8.940697e-08)
constraints/5/bone_direction = Transform3D(1, -5.3499604e-13, 0, -5.5867794e-13, 1, 0, 1.1368684e-13, -5.684342e-14, 0.99999994, 0, 0, 0)
constraints/6/bone_name = &"B2"
constraints/6/twist_start = 0.0
constraints/6/twist_end = 0.01745
constraints/6/kusudama_open_cone_count = 0
constraints/6/kusudama_twist = Transform3D(1, 0, 0, 0, 1, 0, 0, 0, 1, 0, 0, 0)
constraints/6/kusudama_orientation = Transform3D(1, 0, 0, 0, 1, 0, 0, 0, 1, -2.514571e-08, 0.10000014, 2.6077032e-08)
constraints/6/bone_direction = Transform3D(1, -8.813294e-14, 1.4210855e-14, 1.8625461e-09, 1, 0, 0, 0, 1, 0, 0, 0)
constraints/7/bone_name = &"B3"
constraints/7/twist_start = 0.0
constraints/7/twist_end = 0.01745
constraints/7/kusudama_open_cone_count = 0
constraints/7/kusudama_twist = Transform3D(1, 0, 0, 0, 1, 0, 0, 0, 1, 0, 0, 0)
constraints/7/kusudama_orientation = Transform3D(1, 0, 0, 0, 1, 0, 0, 0, 1, -7.543713e-08, 0.099999666, 0)
constraints/7/bone_direction = Transform3D(1, 0, 0, 0, 1, 0, 0, 0, 1, 0, 0, 0)
constraints/8/bone_name = &"C0"
constraints/8/twist_start = 0.0
constraints/8/twist_end = 0.01745
constraints/8/kusudama_open_cone_count = 0
constraints/8/kusudama_twist = Transform3D(1, 0, 0, 0, 1, 0, 0, 0, 1, 0, 0, 0)
constraints/8/kusudama_orientation = Transform3D(1, 0, 0, 0, 1, 0, 0, 0, 1, 2.0023435e-07, 0.10000016, 1.7881393e-07)
constraints/8/bone_direction = Transform3D(1, -3.079325e-14, 0, -4.21507e-14, 1, 0, 0, 1.4210855e-14, 1, 0, 0, 0)
constraints/9/bone_name = &"C1"
constraints/9/twist_start = 0.0
constraints/9/twist_end = 0.01745
constraints/9/kusudama_open_cone_count = 0
constraints/9/kusudama_twist = Transform3D(1, 0, 0, 0, 1, 0, 0, 0, 1, 0, 0, 0)
constraints/9/kusudama_orientation = Transform3D(1, 0, 0, 0, 1, 0, 0, 0, 1, 0, 0.10000029, 0)
constraints/9/bone_direction = Transform3D(1, 3.4765222e-15, 0, 4.9669504e-16, 1, 0, 0, 0, 1, 0, 0, 0)
constraints/10/bone_name = &"C2"
constraints/10/twist_start = 0.0
constraints/10/twist_end = 0.01745
constraints/10/kusudama_open_cone_count = 0
constraints/10/kusudama_twist = Transform3D(1, 0, 0, 0, 1, 0, 0, 0, 1, 0, 0, 0)
constraints/10/kusudama_orientation = Transform3D(1, 0, 0, 0, 1, 0, 0, 0, 1, 5.9604645e-08, 0.10000041, 0)
constraints/10/bone_direction = Transform3D(1, -3.628896e-15, 0, 4.9670097e-16, 1, 0, 0, 0, 1, 0, 0, 0)
constraints/11/bone_name = &"C3"
constraints/11/twist_start = 0.0
constraints/11/twist_end = 0.01745
constraints/11/kusudama_open_cone_count = 0
constraints/11/kusudama_twist = Transform3D(1, 0, 0, 0, 1, 0, 0, 0, 1, 0, 0, 0)
constraints/11/kusudama_orientation = Transform3D(1, 0, 0, 0, 1, 0, 0, 0, 1, 1.4901161e-07, 0.10000005, -6.519258e-08)
constraints/11/bone_direction = Transform3D(1, 0, 0, 0, 1, 0, 0, 0, 1, 0, 0, 0)

[node name="A0" type="Marker3D" parent="Armature/Skeleton3D/ManyBoneIK3D" index="0"]
transform = Transform3D(0.997749, 0.0286568, 0.0606215, -0.0277527, 0.999491, -0.0157047, -0.0610407, 0.0139869, 0.998037, -0.00085392, 0.0019958913, 0.010161127)

[node name="A1" type="Marker3D" parent="Armature/Skeleton3D/ManyBoneIK3D" index="1"]
transform = Transform3D(0.997829, 0.057671, -0.0317865, -0.0576418, 0.998335, 0.00183559, 0.0318395, 6.06291e-07, 0.999493, 1.93249e-08, 0.0999999, 5.27361e-08)

[node name="A2" type="Marker3D" parent="Armature/Skeleton3D/ManyBoneIK3D" index="2"]
transform = Transform3D(0.999126, 0.0417938, 8.67993e-07, -0.0417939, 0.999126, -5.76256e-07, -8.45641e-07, 5.21482e-07, 1, 0.0393324, 0.207192, 1.16955e-07)

[node name="A3" type="Marker3D" parent="Armature/Skeleton3D/ManyBoneIK3D" index="3"]
transform = Transform3D(0.999127, 0.0417938, 8.48923e-07, -0.0417939, 0.999126, -5.75783e-07, -8.26569e-07, 5.21808e-07, 1, 0.0394756, 0.307105, -0.003064672)

[node name="B0" type="Marker3D" parent="Armature/Skeleton3D/ManyBoneIK3D" index="4"]
transform = Transform3D(0.981396, 0.041794, -0.187393, -0.0410525, 0.999126, 0.0078382, 0.187556, 5.41907e-07, 0.982253, 0.014551, 0.407017, 2.21443e-07)

[node name="B1" type="Marker3D" parent="Armature/Skeleton3D/ManyBoneIK3D" index="5"]
transform = Transform3D(0.99999, -0.00444674, 1.10269e-06, 0.00444666, 0.99999, -4.96861e-07, -1.10269e-06, 4.85219e-07, 1, 0.0186562, 0.505157, 2.68682e-07)

[node name="B2" type="Marker3D" parent="Armature/Skeleton3D/ManyBoneIK3D" index="6"]
transform = Transform3D(0.999816, 0.0191688, 1.73968e-07, -0.0191689, 0.999816, -4.99776e-07, -1.85345e-07, 4.79761e-07, 0.999999, 0.010399824, 0.605156, 3.17204e-07)

[node name="B3" type="Marker3D" parent="Armature/Skeleton3D/ManyBoneIK3D" index="7"]
transform = Transform3D(1, -1.17347e-07, 7.44966e-07, 5.4017e-08, 1, -4.9833e-07, -7.47113e-07, 4.81781e-07, 0.999999, 0.0415684, 0.697533, 3.6518e-07)

[node name="C0" type="Marker3D" parent="Armature/Skeleton3D/ManyBoneIK3D" index="8"]
transform = Transform3D(0.626822, -0.779163, 2.89647e-07, 0.779162, 0.626822, 9.80332e-08, -2.56503e-07, 1.15161e-07, 1, -0.0136536, 0.73685986, 2.21284e-07)

[node name="C1" type="Marker3D" parent="Armature/Skeleton3D/ManyBoneIK3D" index="9"]
transform = Transform3D(-8.9407e-08, -1, -6.43939e-08, 1, -5.96047e-08, 9.83842e-08, -1.1827e-07, -1.09278e-07, 1, -0.0756511, 0.450187, 2.328e-07)

[node name="C2" type="Marker3D" parent="Armature/Skeleton3D/ManyBoneIK3D" index="10"]
transform = Transform3D(0.354536, -0.935042, -2.53303e-08, 0.935042, 0.354536, 1.14823e-07, -1.1827e-07, -1.09278e-07, 1, -0.20945002, 0.450187, -0.000627185)

[node name="C3" type="Marker3D" parent="Armature/Skeleton3D/ManyBoneIK3D" index="11"]
transform = Transform3D(0.202326, -0.979318, -1.17549e-07, 0.979317, 0.202326, -2.86913e-09, 6.70674e-09, -1.59422e-07, 1, -0.34431916, 0.562631, 1.9706e-07)
