[gd_scene load_steps=2 format=3 uid="uid://bf73owhwv3ae8"]

[ext_resource type="PackedScene" uid="uid://dwx87oc3a41md" path="res://n_bone_ik/art/many_bone_ik_3d_arm.glb" id="1_5uyx7"]

[node name="many_bone_ik_3d_arm" instance=ExtResource("1_5uyx7")]

[node name="Skeleton3D" parent="Robotic_Arm_Armature" index="0"]
bones/1/rotation = Quaternion(1.63123e-05, -1.20718e-07, 0.000820203, 1)
bones/2/position = Vector3(-1.93621e-07, 0.0883062, 3.05885e-08)
bones/2/rotation = Quaternion(3.26629e-05, 2.37061e-09, 0.00164216, 0.999999)
bones/2/scale = Vector3(1, 1, 1)
bones/3/position = Vector3(9.95351e-09, 0.257325, 3.83061e-08)
bones/3/rotation = Quaternion(1.61627e-05, -6.57947e-09, 0.000811036, 1)
bones/4/position = Vector3(1.54134e-07, 0.25729, 7.53691e-07)
bones/4/rotation = Quaternion(0.501297, 0.498765, 0.501252, -0.49868)
bones/4/scale = Vector3(1, 1, 1)
bones/5/position = Vector3(-1.91612e-07, 0.0502415, -0.00015676)
bones/5/rotation = Quaternion(0.000128265, -0.00114476, -0.708274, 0.705937)
bones/5/scale = Vector3(1, 1, 1)
bones/6/position = Vector3(5.35697e-06, 0.0625853, 0.000175953)
bones/6/rotation = Quaternion(-0.0769334, 0.702398, 0.703688, 0.0744452)
bones/7/position = Vector3(0.0116285, 0.052381, 0.0162119)
bones/7/rotation = Quaternion(-0.0224551, 0.0201666, -0.62703, 0.77841)
bones/7/scale = Vector3(1, 1, 1)
bones/8/position = Vector3(0.0116371, 0.0524488, -0.0165321)
bones/8/rotation = Quaternion(0.0247546, -0.0178659, -0.6271, 0.77834)
bones/8/scale = Vector3(1, 1, 1)

[node name="ManyBoneIK3D" type="ManyBoneIK3D" parent="." index="1"]
skeleton_node_path = NodePath("../Robotic_Arm_Armature/Skeleton3D")
bone_count = 9
bone/0/bone_name = null
bone/0/damp = 3.14159
bone/1/bone_name = null
bone/1/damp = 3.14159
bone/2/bone_name = null
bone/2/damp = 3.14159
bone/3/bone_name = null
bone/3/damp = 3.14159
bone/4/bone_name = null
bone/4/damp = 3.14159
bone/5/bone_name = null
bone/5/damp = 3.14159
bone/6/bone_name = null
bone/6/damp = 3.14159
bone/7/bone_name = null
bone/7/damp = 3.14159
bone/8/bone_name = null
bone/8/damp = 3.14159
constraint_count = 9
constraints/0/bone_name = &"Root"
constraints/0/twist_from = 3.14159
constraints/0/twist_range = 6.28318
constraints/0/twist_current = 0.500001
constraints/0/kusudama_limit_cone_count = 0
constraints/0/kusudama_twist = Transform3D(1, 0, 0, 0, 1, 0, 0, 0, 1, 0, 0, 0)
constraints/0/kusudama_orientation = Transform3D(1, 0, 0, 0, 1, 0, 0, 0, 1, 0, -6.57523e-05, 0)
constraints/0/bone_direction = Transform3D(1, 0, 2.38419e-07, 0, 1, 0, -2.38419e-07, 0, 1, 0, -6.57523e-05, 0)
constraints/1/bone_name = &"Joint_00"
constraints/1/twist_from = 3.14159
constraints/1/twist_range = 6.28318
constraints/1/twist_current = 0.500001
constraints/1/kusudama_limit_cone_count = 0
constraints/1/kusudama_twist = Transform3D(1, 0, 2.38419e-07, 0, 1, 0, -2.38419e-07, 0, 1, 0, 0.0558072, 0)
constraints/1/kusudama_orientation = Transform3D(1, 0, 2.38419e-07, 0, 1, 0, -2.38419e-07, 0, 1, 0, 0.0558072, 0)
constraints/1/bone_direction = Transform3D(0.999999, -0.00164041, 2.37416e-08, 0.00164041, 0.999999, -3.26247e-05, 2.97762e-08, 3.26247e-05, 1, 0, 0.0558072, 0)
constraints/2/bone_name = &"Joint_01"
constraints/2/twist_from = 3.14159
constraints/2/twist_range = 6.28318
constraints/2/twist_current = 0.500001
constraints/2/kusudama_limit_cone_count = 0
constraints/2/kusudama_twist = Transform3D(1, 0, 0, 0, 1, 0, 0, 0, 1, 0, 0.144347, 0)
constraints/2/kusudama_orientation = Transform3D(0.999999, -0.00164041, 2.37416e-08, 0.00164041, 0.999999, -3.26247e-05, 2.97762e-08, 3.26247e-05, 1, -0.000145052, 0.144113, 2.91155e-06)
constraints/2/bone_direction = Transform3D(0.999988, -0.0049247, 2.42919e-07, 0.0049247, 0.999988, -9.79501e-05, 2.3946e-07, 9.79502e-05, 1, -0.000145052, 0.144113, 2.91155e-06)
constraints/3/bone_name = &"Joint_02"
constraints/3/twist_from = 3.14159
constraints/3/twist_range = 6.28318
constraints/3/twist_current = 0.500001
constraints/3/kusudama_limit_cone_count = 0
constraints/3/kusudama_twist = Transform3D(1, 0, 0, 0, 1, 0, 0, 0, 1, 0, 0.401344, 0)
constraints/3/kusudama_orientation = Transform3D(0.999988, -0.0049247, 2.42919e-07, 0.0049247, 0.999988, -9.79501e-05, 2.3946e-07, 9.79502e-05, 1, -0.00141229, 0.401435, 2.81549e-05)
constraints/3/bone_direction = Transform3D(0.999979, -0.00654675, 4.1517e-07, 0.00654675, 0.999979, -0.000130275, 4.37717e-07, 0.000130275, 1, -0.00141229, 0.401435, 2.81549e-05)
constraints/4/bone_name = &"Joint_03"
constraints/4/twist_from = 3.14159
constraints/4/twist_range = 6.28318
constraints/4/twist_current = 0.249973
constraints/4/kusudama_limit_cone_count = 0
constraints/4/kusudama_twist = Transform3D(1, 0, 0, 0, 1, 0, 0, 0, 1, 0, 0.658643, 0)
constraints/4/kusudama_orientation = Transform3D(0.999979, -0.00654675, 4.1517e-07, 0.00654675, 0.999979, -0.000130275, 4.37717e-07, 0.000130275, 1, -0.00309655, 0.65872, 6.24271e-05)
constraints/4/bone_direction = Transform3D(-3.97569e-05, 0.999999, -0.00144229, 1.58354e-07, 0.00144229, 0.999999, 1, 3.97566e-05, -2.15676e-07, -0.00309655, 0.65872, 6.24271e-05)
constraints/5/bone_name = &"Joint_04"
constraints/5/twist_from = 3.14159
constraints/5/twist_range = 6.28318
constraints/5/twist_current = 0.501622
constraints/5/kusudama_limit_cone_count = 0
constraints/5/kusudama_twist = Transform3D(5.96046e-08, 1, -2.98023e-08, 1.49012e-07, 5.96046e-08, 1, 1, -2.98023e-08, -1.19209e-07, 0.0502351, 0.658643, -1.49712e-09)
constraints/5/kusudama_orientation = Transform3D(-3.97569e-05, 0.999999, -0.00144223, 1.58354e-07, 0.00144223, 0.999999, 1, 3.97566e-05, -2.15674e-07, 0.0471451, 0.658635, 6.42329e-05)
constraints/5/bone_direction = Transform3D(-0.999995, -0.00334622, -1.64292e-06, -7.66001e-06, 0.00179821, 0.999999, -0.00334621, 0.999993, -0.00179822, 0.0471451, 0.658635, 6.42329e-05)
constraints/6/bone_name = &"Joint_05"
constraints/6/twist_from = 3.14159
constraints/6/twist_range = 6.28318
constraints/6/twist_current = 0.00116755
constraints/6/kusudama_limit_cone_count = 0
constraints/6/kusudama_twist = Transform3D(-1, 5.96046e-08, -2.98023e-08, -5.96046e-08, 1.053e-07, 1, 2.98023e-08, 1, -7.54979e-08, 0.0502351, 0.658643, 0.0626298)
constraints/6/kusudama_orientation = Transform3D(-0.999995, -0.00334622, -1.64332e-06, -7.66001e-06, 0.00179809, 0.999999, -0.00334621, 0.999993, -0.00179811, 0.0469303, 0.658924, 0.0626488)
constraints/6/bone_direction = Transform3D(0.999992, -0.00400665, -1.47463e-06, 0.0040066, 0.999992, -6.94967e-05, 1.74734e-06, 6.94979e-05, 1, 0.0469303, 0.658924, 0.0626488)
constraints/7/bone_name = &"Joint_05_Jaw_Right"
constraints/7/twist_from = 3.14159
constraints/7/twist_range = 6.28318
constraints/7/twist_current = 0.508246
constraints/7/kusudama_limit_cone_count = 0
constraints/7/kusudama_twist = Transform3D(1, -2.98023e-08, -2.78181e-08, 5.96046e-08, 1, 1.053e-07, 5.76205e-08, -7.54979e-08, 1, 0.0618595, 0.710994, 0.0788259)
constraints/7/kusudama_orientation = Transform3D(0.977084, 0.212853, 0.000347693, -0.212853, 0.977079, 0.00323589, 0.000349043, -0.00323574, 0.999995, 0.0694474, 0.707682, 0.0786951)
constraints/7/bone_direction = Transform3D(-2.01166e-07, 0.998163, 0.060596, -1, -1.84591e-07, 1.52737e-07, 1.62981e-07, -0.060596, 0.998162, 0.0694474, 0.707682, 0.0786951)
constraints/8/bone_name = &"Joint_05_Jaw_Left"
constraints/8/twist_from = 3.14159
constraints/8/twist_range = 6.28318
constraints/8/twist_current = 0.492696
constraints/8/kusudama_limit_cone_count = 0
constraints/8/kusudama_twist = Transform3D(1, -2.98023e-08, -2.78181e-08, 5.96046e-08, 1, 1.053e-07, 5.76205e-08, -7.54979e-08, 1, 0.0618595, 0.710994, 0.0460793)
constraints/8/kusudama_orientation = Transform3D(0.977084, 0.212853, 0.000347693, -0.212853, 0.977079, 0.00323589, 0.000349043, -0.00323574, 0.999995, 0.0694588, 0.70764, 0.0459511)
constraints/8/bone_direction = Transform3D(-1.11761e-07, 0.998163, -0.0605957, -1, -8.87958e-08, 1.62749e-07, 1.56229e-07, 0.0605956, 0.998162, 0.0694588, 0.70764, 0.0459511)
pin_count = 9
pins/0/bone_name = "Root"
pins/0/enabled = true
pins/0/target_node = NodePath("Root")
pins/0/passthrough_factor = 0.0
pins/0/weight = 1.0
pins/0/direction_priorities = Vector3(0.2, 0, 0.2)
pins/1/bone_name = "Joint_00"
pins/1/enabled = true
pins/1/target_node = NodePath("Joint_00")
pins/1/passthrough_factor = 1.0
pins/1/weight = 1.0
pins/1/direction_priorities = Vector3(0.2, 0, 0.2)
pins/2/bone_name = "Joint_01"
pins/2/enabled = true
pins/2/target_node = NodePath("Joint_01")
pins/2/passthrough_factor = 1.0
pins/2/weight = 1.0
pins/2/direction_priorities = Vector3(0.2, 0, 0.2)
pins/3/bone_name = "Joint_02"
pins/3/enabled = true
pins/3/target_node = NodePath("Joint_02")
pins/3/passthrough_factor = 1.0
pins/3/weight = 1.0
pins/3/direction_priorities = Vector3(0.2, 0, 0.2)
pins/4/bone_name = "Joint_03"
pins/4/enabled = true
pins/4/target_node = NodePath("Joint_03")
pins/4/passthrough_factor = 1.0
pins/4/weight = 1.0
pins/4/direction_priorities = Vector3(0.2, 0, 0.2)
pins/5/bone_name = "Joint_04"
pins/5/enabled = true
pins/5/target_node = NodePath("Joint_04")
pins/5/passthrough_factor = 1.0
pins/5/weight = 1.0
pins/5/direction_priorities = Vector3(0.2, 0, 0.2)
pins/6/bone_name = "Joint_05"
pins/6/enabled = true
pins/6/target_node = NodePath("Joint_05")
pins/6/passthrough_factor = 1.0
pins/6/weight = 1.0
pins/6/direction_priorities = Vector3(0.2, 0, 0.2)
pins/7/bone_name = "Joint_05_Jaw_Right"
pins/7/enabled = true
pins/7/target_node = NodePath("Joint_05_Jaw_Right")
pins/7/passthrough_factor = 1.0
pins/7/weight = 1.0
pins/7/direction_priorities = Vector3(0.2, 0, 0.2)
pins/8/bone_name = "Joint_05_Jaw_Left"
pins/8/enabled = true
pins/8/target_node = NodePath("Joint_05_Jaw_Left")
pins/8/passthrough_factor = 1.0
pins/8/weight = 1.0
pins/8/direction_priorities = Vector3(0.2, 0, 0.2)

[node name="Root" type="Marker3D" parent="ManyBoneIK3D" index="0"]
transform = Transform3D(1, 0, 2.38419e-07, 0, 1, 0, -2.38419e-07, 0, 1, 0, -6.57523e-05, 0)

[node name="Joint_00" type="Marker3D" parent="ManyBoneIK3D" index="1"]
transform = Transform3D(1, 0, 0, 0, 1, 0, 0, 0, 1, 0, 0.0558072, 0)

[node name="Joint_01" type="Marker3D" parent="ManyBoneIK3D" index="2"]
transform = Transform3D(1, 0, 0, 0, 1, 0, 0, 0, 1, 0, 0.144347, 0)

[node name="Joint_02" type="Marker3D" parent="ManyBoneIK3D" index="3"]
transform = Transform3D(1, 0, 0, 0, 1, 0, 0, 0, 1, 0, 0.401344, 0)

[node name="Joint_03" type="Marker3D" parent="ManyBoneIK3D" index="4"]
transform = Transform3D(5.96046e-08, 1, -2.98023e-08, 1.49012e-07, 5.96046e-08, 1, 1, -2.98023e-08, -1.19209e-07, 0, 0.658643, 0)

[node name="Joint_04" type="Marker3D" parent="ManyBoneIK3D" index="5"]
transform = Transform3D(-1, 5.96046e-08, -2.98023e-08, -5.96046e-08, 1.053e-07, 1, 2.98023e-08, 1, -7.54979e-08, 0.0502351, 0.658643, -1.49712e-09)

[node name="Joint_05" type="Marker3D" parent="ManyBoneIK3D" index="6"]
transform = Transform3D(1, -2.98023e-08, -2.78181e-08, 5.96046e-08, 1, 1.053e-07, 5.76205e-08, -7.54979e-08, 1, 0.0502351, 0.658643, 0.0626298)

[node name="Joint_05_Jaw_Right" type="Marker3D" parent="ManyBoneIK3D" index="7"]
transform = Transform3D(-2.08616e-07, 0.998162, 0.060596, -1, -1.85304e-07, 1.70186e-07, 1.46278e-07, -0.060596, 0.998162, 0.0618595, 0.710994, 0.0788259)

[node name="Joint_05_Jaw_Left" type="Marker3D" parent="ManyBoneIK3D" index="8"]
transform = Transform3D(-8.9407e-08, 0.998162, -0.0605956, -1, -5.33334e-08, 1.83451e-07, 1.46278e-07, 0.0605956, 0.998162, 0.0618595, 0.710994, 0.0460793)
