[gd_scene load_steps=5 format=3 uid="uid://4m15l1khkov3"]

[ext_resource type="PackedScene" uid="uid://cun2852dv6r10" path="res://n_bone_ik/art/frog/Frogdude.glb" id="1_xs2dd"]

[sub_resource type="StandardMaterial3D" id="StandardMaterial3D_go3im"]
no_depth_test = true
albedo_color = Color(0.662745, 0.52549, 0.184314, 0.403922)

[sub_resource type="SphereMesh" id="SphereMesh_uqy88"]
material = SubResource("StandardMaterial3D_go3im")
radius = 0.05
height = 0.1

[sub_resource type="StandardMaterial3D" id="StandardMaterial3D_87raj"]
no_depth_test = true
albedo_color = Color(0.662745, 0.52549, 0.184314, 0.403922)

[node name="Node3D" type="Node3D"]

[node name="Frogdude" parent="." instance=ExtResource("1_xs2dd")]

[node name="GeneralSkeleton" parent="Frogdude/Frogdude2/RootNode" index="0"]
bones/0/position = Vector3(0.125618, 0.514476, 0.109165)
bones/0/rotation = Quaternion(0.397611, -0.117336, -0.0502977, 0.90863)
bones/1/position = Vector3(2.10479e-07, 0.0532478, 0.00120521)
bones/1/rotation = Quaternion(-0.643924, 0.127083, -0.0473465, 0.752974)
bones/2/position = Vector3(-5.40167e-07, 0.0620916, 0.00152275)
bones/2/rotation = Quaternion(-0.654162, 0.118388, -0.0228664, 0.746681)
bones/3/position = Vector3(3.1814e-06, 0.0708782, 0.00172693)
bones/3/rotation = Quaternion(-0.731219, 0.0763472, 0.101901, 0.670154)
bones/4/position = Vector3(1.3411e-07, 0.0797914, 0.00191957)
bones/4/rotation = Quaternion(-0.601501, 0.169752, 0.189496, 0.75728)
bones/5/position = Vector3(5.36442e-07, 0.0585489, 0.0180827)
bones/5/rotation = Quaternion(-0.328184, 0.237938, -0.0343224, 0.913511)
bones/6/position = Vector3(0.0381888, 0.0659055, 0.00186932)
bones/6/rotation = Quaternion(0.660133, 0.726711, -0.0665265, 0.178016)
bones/7/position = Vector3(-0.000114352, 0.0766577, -0.0280569)
bones/7/rotation = Quaternion(0.747476, 0.481047, -0.419799, 0.183417)
bones/8/position = Vector3(-0.00835687, 0.0704677, 0.0621112)
bones/8/rotation = Quaternion(-0.145463, 0.974008, -0.0595437, 0.163107)
bones/9/position = Vector3(0.0525842, 0.0700564, 0.00845313)
bones/9/rotation = Quaternion(0.282264, -0.605245, 0.428225, 0.608793)
bones/10/position = Vector3(0.0526088, 0.0700578, 0.00847566)
bones/10/rotation = Quaternion(-0.262303, 0.71953, -0.510425, 0.391075)
bones/19/position = Vector3(-0.0381887, 0.0659055, 0.00198406)
bones/19/rotation = Quaternion(0.770562, -0.514034, -0.327734, -0.185995)
bones/20/position = Vector3(-0.000115335, 0.0766577, -0.0280603)
bones/20/rotation = Quaternion(-0.299859, 0.848432, 0.233365, -0.368496)
bones/21/position = Vector3(0.00866343, 0.0704651, 0.0620969)
bones/21/rotation = Quaternion(0.104663, 0.724129, 0.242754, 0.636987)
bones/22/position = Vector3(-0.0526148, 0.0700676, 0.00826353)
bones/22/rotation = Quaternion(0.132052, 0.95958, 0.182039, -0.169205)
bones/23/position = Vector3(-0.0381882, 0.0659052, 0.00198446)
bones/23/rotation = Quaternion(-0.667334, 0.715591, 0.206246, -0.00758768)
bones/24/position = Vector3(-0.000114553, 0.0766562, -0.028059)
bones/24/rotation = Quaternion(0.00715974, -0.768813, 0.334167, 0.545168)
bones/25/position = Vector3(0.00864858, 0.070478, 0.0620828)
bones/25/rotation = Quaternion(0.367893, 0.588167, -0.420108, 0.584999)
bones/26/position = Vector3(-0.0526088, 0.0700578, 0.00830746)
bones/26/rotation = Quaternion(0.230581, 0.717599, -0.529808, -0.388828)
bones/32/position = Vector3(0.0875004, -0.0294789, -0.00239044)
bones/32/rotation = Quaternion(0.890679, -0.0255467, -0.0966915, 0.443496)
bones/33/position = Vector3(-0.0112084, 0.170207, -0.0184657)
bones/33/rotation = Quaternion(0.114568, 0.0875214, 0.0115424, 0.989485)
bones/34/position = Vector3(-0.00273659, 0.125596, 0.00672989)
bones/34/rotation = Quaternion(0.0243299, -0.657629, 0.75264, 0.0215863)
bones/36/position = Vector3(-0.0874946, -0.0295117, -0.000674307)
bones/36/rotation = Quaternion(0.892133, 0.011312, 0.0789589, 0.444676)
bones/37/position = Vector3(0.0112147, 0.170209, -0.02066)
bones/37/rotation = Quaternion(0.112861, -0.0877186, -0.0116746, 0.989662)
bones/38/position = Vector3(0.00273412, 0.125507, 0.00630123)
bones/38/rotation = Quaternion(0.00404159, -0.661503, 0.749915, 0.00502249)
bones/39/position = Vector3(0.0874459, -0.0294881, -0.00239364)
bones/39/rotation = Quaternion(0.89895, -0.283857, -0.328, 0.061074)
bones/40/position = Vector3(-0.0112005, 0.170136, -0.0184781)
bones/40/rotation = Quaternion(-0.583361, 0.243963, -0.216367, 0.74388)
bones/41/position = Vector3(-0.00266424, 0.125629, 0.00673422)
bones/41/rotation = Quaternion(-0.129538, 0.967337, 0.214903, 0.0359892)
bones/44/position = Vector3(-0.0874459, -0.0294881, -0.000676899)
bones/44/rotation = Quaternion(0.911428, -0.304329, -0.273349, 0.0443168)
bones/45/position = Vector3(0.0112005, 0.170136, -0.0206751)
bones/45/rotation = Quaternion(-0.590911, 0.228061, -0.229691, 0.738955)
bones/46/position = Vector3(0.00266434, 0.125629, 0.00629914)
bones/46/rotation = Quaternion(-0.0897738, 0.969438, 0.225315, 0.0369386)

[node name="ManyBoneIK3D" type="ManyBoneIK3D" parent="Frogdude/Frogdude2/RootNode/GeneralSkeleton" index="1"]
process_priority = 1
default_damp = 0.785398
pin_count = 40
pins/0/bone_name = "Hips"
pins/0/target_node = NodePath("Hips")
pins/0/target_static = false
pins/0/motion_propagation_factor = 0.0
pins/0/weight = 1.0
pins/0/direction_priorities = Vector3(0.2, 0, 0.2)
pins/1/bone_name = "Spine"
pins/1/target_node = NodePath("")
pins/1/target_static = true
pins/1/motion_propagation_factor = 1.0
pins/1/weight = 0.2
pins/1/direction_priorities = Vector3(0.2, 0, 0.2)
pins/2/bone_name = "Chest"
pins/2/target_node = NodePath("")
pins/2/target_static = true
pins/2/motion_propagation_factor = 1.0
pins/2/weight = 1.0
pins/2/direction_priorities = Vector3(0.2, 0, 0.2)
pins/3/bone_name = "UpperChest"
pins/3/target_node = NodePath("")
pins/3/target_static = true
pins/3/motion_propagation_factor = 1.0
pins/3/weight = 1.0
pins/3/direction_priorities = Vector3(0.2, 0, 0.2)
pins/4/bone_name = "Neck"
pins/4/target_node = NodePath("")
pins/4/target_static = true
pins/4/motion_propagation_factor = 1.0
pins/4/weight = 1.0
pins/4/direction_priorities = Vector3(0.2, 0, 0.2)
pins/5/bone_name = "Head"
pins/5/target_node = NodePath("Head")
pins/5/target_static = false
pins/5/motion_propagation_factor = 1.0
pins/5/weight = 1.0
pins/5/direction_priorities = Vector3(0.2, 0, 0.2)
pins/6/bone_name = "LeftShoulder"
pins/6/target_node = NodePath("")
pins/6/target_static = true
pins/6/motion_propagation_factor = 1.0
pins/6/weight = 1.0
pins/6/direction_priorities = Vector3(0.2, 0, 0.2)
pins/7/bone_name = "LeftUpperArm"
pins/7/target_node = NodePath("")
pins/7/target_static = true
pins/7/motion_propagation_factor = 1.0
pins/7/weight = 1.0
pins/7/direction_priorities = Vector3(0.2, 0, 0.2)
pins/8/bone_name = "LeftLowerArm"
pins/8/target_node = NodePath("LeftLowerArm")
pins/8/target_static = false
pins/8/motion_propagation_factor = 1.0
pins/8/weight = 1.0
pins/8/direction_priorities = Vector3(0.2, 0, 0.2)
pins/9/bone_name = "LeftHand"
pins/9/target_node = NodePath("LeftHand")
pins/9/target_static = false
pins/9/motion_propagation_factor = 1.0
pins/9/weight = 1.0
pins/9/direction_priorities = Vector3(0.2, 0, 0.2)
pins/10/bone_name = "LeftThumbMetacarpal"
pins/10/target_node = NodePath("")
pins/10/target_static = true
pins/10/motion_propagation_factor = 1.0
pins/10/weight = 1.0
pins/10/direction_priorities = Vector3(0.2, 0, 0.2)
pins/11/bone_name = "LeftThumbProximal"
pins/11/target_node = NodePath("")
pins/11/target_static = true
pins/11/motion_propagation_factor = 1.0
pins/11/weight = 1.0
pins/11/direction_priorities = Vector3(0.2, 0, 0.2)
pins/12/bone_name = "LeftThumbDistal"
pins/12/target_node = NodePath("")
pins/12/target_static = true
pins/12/motion_propagation_factor = 1.0
pins/12/weight = 1.0
pins/12/direction_priorities = Vector3(0.2, 0, 0.2)
pins/13/bone_name = "LeftIndexProximal"
pins/13/target_node = NodePath("")
pins/13/target_static = true
pins/13/motion_propagation_factor = 1.0
pins/13/weight = 1.0
pins/13/direction_priorities = Vector3(0.2, 0, 0.2)
pins/14/bone_name = "LeftIndexIntermediate"
pins/14/target_node = NodePath("")
pins/14/target_static = true
pins/14/motion_propagation_factor = 1.0
pins/14/weight = 1.0
pins/14/direction_priorities = Vector3(0.2, 0, 0.2)
pins/15/bone_name = "LeftIndexDistal"
pins/15/target_node = NodePath("")
pins/15/target_static = true
pins/15/motion_propagation_factor = 1.0
pins/15/weight = 1.0
pins/15/direction_priorities = Vector3(0.2, 0, 0.2)
pins/16/bone_name = "LeftMiddleProximal"
pins/16/target_node = NodePath("")
pins/16/target_static = true
pins/16/motion_propagation_factor = 1.0
pins/16/weight = 1.0
pins/16/direction_priorities = Vector3(0.2, 0, 0.2)
pins/17/bone_name = "LeftMiddleIntermediate"
pins/17/target_node = NodePath("")
pins/17/target_static = true
pins/17/motion_propagation_factor = 1.0
pins/17/weight = 1.0
pins/17/direction_priorities = Vector3(0.2, 0, 0.2)
pins/18/bone_name = "LeftMiddleDistal"
pins/18/target_node = NodePath("")
pins/18/target_static = true
pins/18/motion_propagation_factor = 1.0
pins/18/weight = 1.0
pins/18/direction_priorities = Vector3(0.2, 0, 0.2)
pins/19/bone_name = "RightShoulder"
pins/19/target_node = NodePath("")
pins/19/target_static = true
pins/19/motion_propagation_factor = 1.0
pins/19/weight = 1.0
pins/19/direction_priorities = Vector3(0.2, 0, 0.2)
pins/20/bone_name = "RightUpperArm"
pins/20/target_node = NodePath("")
pins/20/target_static = true
pins/20/motion_propagation_factor = 1.0
pins/20/weight = 1.0
pins/20/direction_priorities = Vector3(0.2, 0, 0.2)
pins/21/bone_name = "RightLowerArm"
pins/21/target_node = NodePath("RightLowerArm")
pins/21/target_static = false
pins/21/motion_propagation_factor = 1.0
pins/21/weight = 1.0
pins/21/direction_priorities = Vector3(0.2, 0, 0.2)
pins/22/bone_name = "RightHand"
pins/22/target_node = NodePath("RightHand")
pins/22/target_static = false
pins/22/motion_propagation_factor = 1.0
pins/22/weight = 1.0
pins/22/direction_priorities = Vector3(0.2, 0, 0.2)
pins/23/bone_name = "RightThumbMetacarpal"
pins/23/target_node = NodePath("")
pins/23/target_static = true
pins/23/motion_propagation_factor = 1.0
pins/23/weight = 1.0
pins/23/direction_priorities = Vector3(0.2, 0, 0.2)
pins/24/bone_name = "RightThumbProximal"
pins/24/target_node = NodePath("")
pins/24/target_static = true
pins/24/motion_propagation_factor = 1.0
pins/24/weight = 1.0
pins/24/direction_priorities = Vector3(0.2, 0, 0.2)
pins/25/bone_name = "RightThumbDistal"
pins/25/target_node = NodePath("")
pins/25/target_static = true
pins/25/motion_propagation_factor = 1.0
pins/25/weight = 1.0
pins/25/direction_priorities = Vector3(0.2, 0, 0.2)
pins/26/bone_name = "RightIndexProximal"
pins/26/target_node = NodePath("")
pins/26/target_static = true
pins/26/motion_propagation_factor = 1.0
pins/26/weight = 1.0
pins/26/direction_priorities = Vector3(0.2, 0, 0.2)
pins/27/bone_name = "RightIndexIntermediate"
pins/27/target_node = NodePath("")
pins/27/target_static = true
pins/27/motion_propagation_factor = 1.0
pins/27/weight = 1.0
pins/27/direction_priorities = Vector3(0.2, 0, 0.2)
pins/28/bone_name = "RightIndexDistal"
pins/28/target_node = NodePath("")
pins/28/target_static = true
pins/28/motion_propagation_factor = 1.0
pins/28/weight = 1.0
pins/28/direction_priorities = Vector3(0.2, 0, 0.2)
pins/29/bone_name = "RightMiddleProximal"
pins/29/target_node = NodePath("")
pins/29/target_static = true
pins/29/motion_propagation_factor = 1.0
pins/29/weight = 1.0
pins/29/direction_priorities = Vector3(0.2, 0, 0.2)
pins/30/bone_name = "RightMiddleIntermediate"
pins/30/target_node = NodePath("")
pins/30/target_static = true
pins/30/motion_propagation_factor = 1.0
pins/30/weight = 1.0
pins/30/direction_priorities = Vector3(0.2, 0, 0.2)
pins/31/bone_name = "RightMiddleDistal"
pins/31/target_node = NodePath("")
pins/31/target_static = true
pins/31/motion_propagation_factor = 1.0
pins/31/weight = 1.0
pins/31/direction_priorities = Vector3(0.2, 0, 0.2)
pins/32/bone_name = "LeftUpperLeg"
pins/32/target_node = NodePath("")
pins/32/target_static = true
pins/32/motion_propagation_factor = 1.0
pins/32/weight = 1.0
pins/32/direction_priorities = Vector3(0.2, 0, 0.2)
pins/33/bone_name = "LeftLowerLeg"
pins/33/target_node = NodePath("LeftLowerLeg")
pins/33/target_static = false
pins/33/motion_propagation_factor = 1.0
pins/33/weight = 1.0
pins/33/direction_priorities = Vector3(0.2, 0, 0.2)
pins/34/bone_name = "LeftFoot"
pins/34/target_node = NodePath("LeftFoot")
pins/34/target_static = false
pins/34/motion_propagation_factor = 1.0
pins/34/weight = 1.0
pins/34/direction_priorities = Vector3(0.2, 0, 0.2)
pins/35/bone_name = "LeftToes"
pins/35/target_node = NodePath("")
pins/35/target_static = true
pins/35/motion_propagation_factor = 1.0
pins/35/weight = 1.0
pins/35/direction_priorities = Vector3(0.2, 0, 0.2)
pins/36/bone_name = "RightUpperLeg"
pins/36/target_node = NodePath("")
pins/36/target_static = true
pins/36/motion_propagation_factor = 1.0
pins/36/weight = 1.0
pins/36/direction_priorities = Vector3(0.2, 0, 0.2)
pins/37/bone_name = "RightLowerLeg"
pins/37/target_node = NodePath("RightLowerLeg")
pins/37/target_static = false
pins/37/motion_propagation_factor = 1.0
pins/37/weight = 1.0
pins/37/direction_priorities = Vector3(0.2, 0, 0.2)
pins/38/bone_name = "RightFoot"
pins/38/target_node = NodePath("RightFoot")
pins/38/target_static = false
pins/38/motion_propagation_factor = 1.0
pins/38/weight = 1.0
pins/38/direction_priorities = Vector3(0.2, 0, 0.2)
pins/39/bone_name = "RightToes"
pins/39/target_node = NodePath("")
pins/39/target_static = true
pins/39/motion_propagation_factor = 1.0
pins/39/weight = 1.0
pins/39/direction_priorities = Vector3(0.2, 0, 0.2)
constraint_count = 40
constraints/0/bone_name = &"Hips"
constraints/0/twist_start = 5.93586
constraints/0/twist_end = 0.436332
constraints/0/kusudama_open_cone_count = 0
constraints/0/kusudama_twist = Transform3D(1, 0, 0, 0, 1, 0, 0, 0, 1, 0, 0, 0)
constraints/0/kusudama_orientation = Transform3D(1, 0, 0, 0, 1, 0, 0, 0, 1, -0.0135301, 0.368889, 0.014417)
constraints/0/bone_direction = Transform3D(1, 1.78954e-17, -1.98499e-17, -9.86021e-18, 1, 4.44775e-17, 7.90566e-18, -6.65448e-17, 1, 0, 0, 0)
constraints/1/bone_name = &"Spine"
constraints/1/twist_start = 6.19592
constraints/1/twist_end = 0.523599
constraints/1/kusudama_open_cone_count = 0
constraints/1/kusudama_twist = Transform3D(1, 1.78954e-17, -1.98499e-17, -9.86021e-18, 1, 4.44775e-17, 7.90566e-18, -6.65448e-17, 1, 0, 0, 0)
constraints/1/kusudama_orientation = Transform3D(1, 0, 0, 0, 1, 0, 0, 0, 1, 2.10479e-07, 0.0532478, 0.00120521)
constraints/1/bone_direction = Transform3D(1, 8.6969e-06, 1.06626e-07, -8.6969e-06, 0.999699, 0.0245169, 1.06626e-07, -0.0245169, 0.999699, 0, 0, 0)
constraints/2/bone_name = &"Chest"
constraints/2/twist_start = 6.19592
constraints/2/twist_end = 0.523599
constraints/2/kusudama_open_cone_count = 0
constraints/2/kusudama_twist = Transform3D(1, -7.48665e-18, -1.6944e-17, 1.11766e-17, 1, -4.52656e-17, -3.79487e-17, 4.77543e-17, 1, 0, 0, 0)
constraints/2/kusudama_orientation = Transform3D(1, 0, 0, 0, 1, 0, 0, 0, 1, -5.40167e-07, 0.0620916, 0.00152275)
constraints/2/bone_direction = Transform3D(1, -4.48721e-05, -5.46568e-07, 4.48721e-05, 0.999703, 0.0243575, -5.46568e-07, -0.0243575, 0.999703, 0, 0, 0)
constraints/3/bone_name = &"UpperChest"
constraints/3/twist_start = 6.19592
constraints/3/twist_end = 0.523599
constraints/3/kusudama_open_cone_count = 0
constraints/3/kusudama_twist = Transform3D(1, 1.49969e-17, -4.41041e-17, -3.40721e-17, 1, -2.06165e-17, 3.37667e-17, -3.29501e-17, 1, 0, 0, 0)
constraints/3/kusudama_orientation = Transform3D(1, 0, 0, 0, 1, 0, 0, 0, 1, 3.1814e-06, 0.0708782, 0.00172693)
constraints/3/bone_direction = Transform3D(0.98561, 0.168794, -0.00907435, -0.168794, 0.979887, -0.106439, -0.00907435, 0.106439, 0.994278, 0, 0, 0)
constraints/4/bone_name = &"Neck"
constraints/4/twist_start = 6.21337
constraints/4/twist_end = 0.174533
constraints/4/kusudama_open_cone_count = 0
constraints/4/kusudama_twist = Transform3D(1, 9.00024e-18, -3.48311e-18, -7.76148e-17, 1, 3.10397e-17, -3.64178e-17, 2.61985e-17, 1, 0, 0, 0)
constraints/4/kusudama_orientation = Transform3D(1, 0, 0, 0, 1, 0, 0, 0, 1, 1.3411e-07, 0.0797914, 0.00191957)
constraints/4/bone_direction = Transform3D(1, -8.75428e-06, -1.32108e-06, 8.75428e-06, 0.955468, 0.295094, -1.32108e-06, -0.295094, 0.955468, 0, 0, 0)
constraints/5/bone_name = &"Head"
constraints/5/twist_start = 0.0
constraints/5/twist_end = 0.174533
constraints/5/kusudama_open_cone_count = 0
constraints/5/kusudama_twist = Transform3D(1, 2.95958e-18, 1.83009e-17, 1.13962e-17, 1, -1.68989e-17, 1.14689e-16, -7.96542e-17, 1, 0, 0, 0)
constraints/5/kusudama_orientation = Transform3D(1, 0, 0, 0, 1, 0, 0, 0, 1, 5.36442e-07, 0.0585489, 0.0180827)
constraints/5/bone_direction = Transform3D(0.973118, 0.218883, 0.0716331, -0.218883, 0.782234, 0.583266, 0.0716331, -0.583266, 0.809116, 0, 0, 0)
constraints/6/bone_name = &"LeftShoulder"
constraints/6/twist_start = 4.36332
constraints/6/twist_end = -0.698132
constraints/6/kusudama_open_cone_count = 0
constraints/6/kusudama_twist = Transform3D(1, 9.00024e-18, -3.48311e-18, -7.76148e-17, 1, 3.10397e-17, -3.64178e-17, 2.61985e-17, 1, 0, 0, 0)
constraints/6/kusudama_orientation = Transform3D(1, 0, 0, 0, 1, 0, 0, 0, 1, -0.000114352, 0.0766577, -0.0280569)
constraints/6/bone_direction = Transform3D(0.995506, 0.0886158, 0.0334039, -0.0886158, 0.747236, 0.658624, 0.0334039, -0.658624, 0.75173, 0, 0, 0)
constraints/7/bone_name = &"LeftUpperArm"
constraints/7/twist_start = -2.0944
constraints/7/twist_end = -1.0472
constraints/7/kusudama_open_cone_count = 0
constraints/7/kusudama_twist = Transform3D(1, 1.33427e-18, -6.36173e-18, 1.10546e-18, 1, -5.29508e-18, 3.0841e-18, -6.09777e-18, 1, 0, 0, 0)
constraints/7/kusudama_orientation = Transform3D(1, 0, 0, 0, 1, 0, 0, 0, 1, -0.00835687, 0.0704677, 0.0621112)
constraints/7/bone_direction = Transform3D(0.801209, -0.59753, -0.0319564, 0.59753, 0.796072, 0.0960555, -0.0319564, -0.0960555, 0.994863, 0, 0, 0)
constraints/8/bone_name = &"LeftLowerArm"
constraints/8/twist_start = -1.309
constraints/8/twist_end = -1.74533
constraints/8/kusudama_open_cone_count = 0
constraints/8/kusudama_twist = Transform3D(1, 8.44283e-18, -5.71661e-18, -8.37123e-18, 1, 5.205e-18, 9.31842e-18, -2.99104e-17, 1, 0, 0, 0)
constraints/8/kusudama_orientation = Transform3D(1, 0, 0, 0, 1, 0, 0, 0, 1, 0.0525842, 0.0700564, 0.00845313)
constraints/8/bone_direction = Transform3D(0.801088, -0.597688, -0.0320461, 0.597688, 0.795925, 0.0962918, -0.0320461, -0.0962918, 0.994837, 0, 0, 0)
constraints/9/bone_name = &"LeftHand"
constraints/9/twist_start = -4.79966
constraints/9/twist_end = -0.349066
constraints/9/kusudama_open_cone_count = 0
constraints/9/kusudama_twist = Transform3D(1, 1.58952e-18, -1.91464e-17, 3.70709e-18, 1, 1.06385e-16, 1.27384e-17, 2.24776e-17, 1, 0, 0, 0)
constraints/9/kusudama_orientation = Transform3D(1, 0, 0, 0, 1, 0, 0, 0, 1, 0.0526088, 0.0700578, 0.00847566)
constraints/9/bone_direction = Transform3D(0.92838, 0.365493, 0.0672678, -0.365493, 0.8652, 0.343284, 0.0672678, -0.343284, 0.93682, 0, 0, 0)
constraints/10/bone_name = &"LeftThumbMetacarpal"
constraints/10/twist_start = 0.0
constraints/10/twist_end = 6.28318
constraints/10/kusudama_open_cone_count = 0
constraints/10/kusudama_twist = Transform3D(1, -3.71426e-17, 2.1546e-17, -4.65157e-17, 1, -4.49003e-18, 1.29322e-18, 2.88718e-17, 1, 0, 0, 0)
constraints/10/kusudama_orientation = Transform3D(1, 0, 0, 0, 1, 0, 0, 0, 1, -0.0136544, 0.0244398, 0.0179669)
constraints/10/bone_direction = Transform3D(0.841184, 0.539786, 0.0261625, -0.540443, 0.836869, 0.0890297, 0.0261943, -0.0890297, 0.995685, 0, 0, 0)
constraints/11/bone_name = &"LeftThumbProximal"
constraints/11/twist_start = 0.0
constraints/11/twist_end = 6.28318
constraints/11/kusudama_open_cone_count = 0
constraints/11/kusudama_twist = Transform3D(1, -1.7409e-17, 3.70067e-18, 2.63011e-17, 1, 9.57948e-18, 7.13484e-18, -4.25983e-18, 1, 0, 0, 0)
constraints/11/kusudama_orientation = Transform3D(1, 0, 0, 0, 1, 0, 0, 0, 1, -0.0143735, 0.0222843, 0.0023707)
constraints/11/bone_direction = Transform3D(0.822603, 0.567301, -0.0331831, -0.567992, 0.816388, -0.106246, -0.0332235, 0.106246, 0.993785, 0, 0, 0)
constraints/12/bone_name = &"LeftThumbDistal"
constraints/12/twist_start = 0.0
constraints/12/twist_end = 6.28318
constraints/12/kusudama_open_cone_count = 0
constraints/12/kusudama_twist = Transform3D(1, -1.25085e-17, 3.70067e-18, 3.12017e-17, 1, 3.25903e-18, 3.48904e-17, -3.66595e-18, 1, 0, 0, 0)
constraints/12/kusudama_orientation = Transform3D(1, 0, 0, 0, 1, 0, 0, 0, 1, -0.0137593, 0.0198007, -0.00257689)
constraints/12/bone_direction = Transform3D(1, -8.83937e-18, 4.52527e-18, 3.12017e-17, 1, 2.40757e-17, 7.13484e-18, -3.07206e-18, 1, 0, 0, 0)
constraints/13/bone_name = &"LeftIndexProximal"
constraints/13/twist_start = 0.0
constraints/13/twist_end = 6.28318
constraints/13/kusudama_open_cone_count = 0
constraints/13/kusudama_twist = Transform3D(1, -3.71426e-17, 2.1546e-17, -4.65157e-17, 1, -4.49003e-18, 1.29322e-18, 2.88718e-17, 1, 0, 0, 0)
constraints/13/kusudama_orientation = Transform3D(1, 0, 0, 0, 1, 0, 0, 0, 1, -0.00674055, 0.0483346, 0.0350729)
constraints/13/bone_direction = Transform3D(0.998767, 0.0470134, 0.0159678, -0.0470134, 0.79204, 0.608656, 0.0159678, -0.608656, 0.793274, 0, 0, 0)
constraints/14/bone_name = &"LeftIndexIntermediate"
constraints/14/twist_start = 0.0
constraints/14/twist_end = 6.28318
constraints/14/kusudama_open_cone_count = 0
constraints/14/kusudama_twist = Transform3D(1, -3.71426e-17, 2.1546e-17, -4.65157e-17, 1, -4.49003e-18, 1.29322e-18, 2.88718e-17, 1, 0, 0, 0)
constraints/14/kusudama_orientation = Transform3D(1, 0, 0, 0, 1, 0, 0, 0, 1, -0.000689678, 0.0116191, 0.00892887)
constraints/14/bone_direction = Transform3D(0.997823, 0.0600319, 0.0273204, -0.0600319, 0.65504, 0.753206, 0.0273204, -0.753206, 0.657217, 0, 0, 0)
constraints/15/bone_name = &"LeftIndexDistal"
constraints/15/twist_start = 0.0
constraints/15/twist_end = 6.28318
constraints/15/kusudama_open_cone_count = 0
constraints/15/kusudama_twist = Transform3D(1, -3.71426e-17, 2.1546e-17, -4.65157e-17, 1, -4.49003e-18, 1.29322e-18, 2.88718e-17, 1, 0, 0, 0)
constraints/15/kusudama_orientation = Transform3D(1, 0, 0, 0, 1, 0, 0, 0, 1, -0.000915413, 0.00998855, 0.0114855)
constraints/15/bone_direction = Transform3D(1, -3.71426e-17, 2.1546e-17, -4.65157e-17, 1, -4.49003e-18, 1.29322e-18, 2.88718e-17, 1, 0, 0, 0)
constraints/16/bone_name = &"LeftMiddleProximal"
constraints/16/twist_start = 0.0
constraints/16/twist_end = 6.28318
constraints/16/kusudama_open_cone_count = 0
constraints/16/kusudama_twist = Transform3D(1, -3.71426e-17, 2.1546e-17, -4.65157e-17, 1, -4.49003e-18, 1.29322e-18, 2.88718e-17, 1, 0, 0, 0)
constraints/16/kusudama_orientation = Transform3D(1, 0, 0, 0, 1, 0, 0, 0, 1, -0.0381887, 0.0659055, 0.00198406)
constraints/16/bone_direction = Transform3D(0.999999, 0.00141286, -0.000250461, -0.00141286, 0.939063, -0.343741, -0.000250461, 0.343741, 0.939064, 0, 0, 0)
constraints/17/bone_name = &"LeftMiddleIntermediate"
constraints/17/twist_start = 0.0
constraints/17/twist_end = 6.28318
constraints/17/kusudama_open_cone_count = 0
constraints/17/kusudama_twist = Transform3D(1, 2.27733e-17, 2.53939e-17, -2.40379e-17, 1, -1.48808e-17, -2.04788e-17, -4.35919e-18, 1, 0, 0, 0)
constraints/17/kusudama_orientation = Transform3D(1, 0, 0, 0, 1, 0, 0, 0, 1, -0.000115335, 0.0766577, -0.0280603)
constraints/17/bone_direction = Transform3D(0.995171, -0.0918507, -0.0346125, 0.0918507, 0.747079, 0.658359, -0.0346125, -0.658359, 0.751908, 0, 0, 0)
constraints/18/bone_name = &"LeftMiddleDistal"
constraints/18/twist_start = 0.0
constraints/18/twist_end = 6.28318
constraints/18/kusudama_open_cone_count = 0
constraints/18/kusudama_twist = Transform3D(1, 5.5957e-17, -2.12166e-17, 4.50643e-17, 1, 3.35546e-17, 1.14443e-17, 9.35985e-17, 1, 0, 0, 0)
constraints/18/kusudama_orientation = Transform3D(1, 0, 0, 0, 1, 0, 0, 0, 1, 0.00866343, 0.0704651, 0.0620969)
constraints/18/bone_direction = Transform3D(0.885834, -0.460842, -0.0540635, 0.460842, 0.860232, 0.218233, -0.0540635, -0.218233, 0.974398, 0, 0, 0)
constraints/19/bone_name = &"RightShoulder"
constraints/19/twist_start = 1.3439
constraints/19/twist_end = 0.698132
constraints/19/kusudama_open_cone_count = 0
constraints/19/kusudama_twist = Transform3D(1, 9.00024e-18, -3.48311e-18, -7.76148e-17, 1, 3.10397e-17, -3.64178e-17, 2.61985e-17, 1, 0, 0, 0)
constraints/19/kusudama_orientation = Transform3D(1, 0, 0, 0, 1, 0, 0, 0, 1, -0.0381882, 0.0659052, 0.00198446)
constraints/19/bone_direction = Transform3D(0.999999, 0.00140332, -0.000248762, -0.00140332, 0.939066, -0.343733, -0.000248762, 0.343733, 0.939067, 0, 0, 0)
constraints/20/bone_name = &"RightUpperArm"
constraints/20/twist_start = 2.0944
constraints/20/twist_end = 1.0472
constraints/20/kusudama_open_cone_count = 0
constraints/20/kusudama_twist = Transform3D(1, 4.54275e-17, -2.56815e-17, 4.14584e-17, 1, 2.03394e-17, 5.55529e-17, -4.49331e-18, 1, 0, 0, 0)
constraints/20/kusudama_orientation = Transform3D(1, 0, 0, 0, 1, 0, 0, 0, 1, -0.000114553, 0.0766562, -0.028059)
constraints/20/bone_direction = Transform3D(0.995188, -0.0916942, -0.0345432, 0.0916942, 0.747224, 0.658216, -0.0345432, -0.658216, 0.752036, 0, 0, 0)
constraints/21/bone_name = &"RightLowerArm"
constraints/21/twist_start = 1.309
constraints/21/twist_end = 1.74533
constraints/21/kusudama_open_cone_count = 0
constraints/21/kusudama_twist = Transform3D(1, -1.68166e-17, -2.83406e-18, -4.09032e-17, 1, -1.10278e-18, -1.35557e-17, 5.72781e-18, 1, 0, 0, 0)
constraints/21/kusudama_orientation = Transform3D(1, 0, 0, 0, 1, 0, 0, 0, 1, 0.00864858, 0.070478, 0.0620828)
constraints/21/bone_direction = Transform3D(0.801032, 0.597797, 0.0314191, -0.597797, 0.79607, 0.0943981, 0.0314191, -0.0943981, 0.995039, 0, 0, 0)
constraints/22/bone_name = &"RightHand"
constraints/22/twist_start = 4.79966
constraints/22/twist_end = 0.349066
constraints/22/kusudama_open_cone_count = 0
constraints/22/kusudama_twist = Transform3D(1, -1.66554e-17, -2.99129e-17, 8.45472e-18, 1, -5.47095e-17, -3.26026e-18, 2.83843e-17, 1, 0, 0, 0)
constraints/22/kusudama_orientation = Transform3D(1, 0, 0, 0, 1, 0, 0, 0, 1, -0.0526088, 0.0700578, 0.00830746)
constraints/22/bone_direction = Transform3D(0.999998, 0.00167509, 0.000554281, -0.00167509, 0.802626, 0.59648, 0.000554281, -0.59648, 0.802627, 0, 0, 0)
constraints/23/bone_name = &"RightThumbMetacarpal"
constraints/23/twist_start = 0.0
constraints/23/twist_end = 6.28318
constraints/23/kusudama_open_cone_count = 0
constraints/23/kusudama_twist = Transform3D(1, 3.41521e-17, -2.6291e-17, -8.58232e-18, 1, 2.32435e-17, 3.8343e-17, -8.16006e-18, 1, 0, 0, 0)
constraints/23/kusudama_orientation = Transform3D(1, 0, 0, 0, 1, 0, 0, 0, 1, 0.0149688, 0.0252207, 0.0187188)
constraints/23/bone_direction = Transform3D(0.842711, -0.537681, -0.0196445, 0.538335, 0.840254, 0.0672349, -0.0196684, -0.0672349, 0.997544, 0, 0, 0)
constraints/24/bone_name = &"RightThumbProximal"
constraints/24/twist_start = 0.0
constraints/24/twist_end = 6.28318
constraints/24/kusudama_open_cone_count = 0
constraints/24/kusudama_twist = Transform3D(1, 1.46483e-17, 7.53938e-17, 3.61995e-17, 1, -4.34833e-18, 1.21765e-17, -5.96794e-18, 1, 0, 0, 0)
constraints/24/kusudama_orientation = Transform3D(1, 0, 0, 0, 1, 0, 0, 0, 1, 0.0149751, 0.0234021, 0.00187257)
constraints/24/bone_direction = Transform3D(0.809745, -0.586335, 0.0102639, 0.587048, 0.809191, -0.0316703, 0.0102764, 0.0316703, 0.999446, 0, 0, 0)
constraints/25/bone_name = &"RightThumbDistal"
constraints/25/twist_start = 0.0
constraints/25/twist_end = 6.28318
constraints/25/kusudama_open_cone_count = 0
constraints/25/kusudama_twist = Transform3D(1, 9.02378e-18, 1.98826e-17, 8.42113e-17, 1, -1.71722e-17, 1.21765e-17, -1.21407e-17, 1, 0, 0, 0)
constraints/25/kusudama_orientation = Transform3D(1, 0, 0, 0, 1, 0, 0, 0, 1, 0.0134059, 0.0185012, -0.000724105)
constraints/25/bone_direction = Transform3D(1, -1.14115e-18, 2.19905e-17, 4.41725e-17, 1, 1.43163e-17, 7.69306e-18, -2.25975e-17, 1, 0, 0, 0)
constraints/26/bone_name = &"RightIndexProximal"
constraints/26/twist_start = 0.0
constraints/26/twist_end = 6.28318
constraints/26/kusudama_open_cone_count = 0
constraints/26/kusudama_twist = Transform3D(1, 3.41521e-17, -2.6291e-17, -8.58232e-18, 1, 2.32435e-17, 3.8343e-17, -8.16006e-18, 1, 0, 0, 0)
constraints/26/kusudama_orientation = Transform3D(1, 0, 0, 0, 1, 0, 0, 0, 1, 0.00496401, 0.0505416, 0.036336)
constraints/26/bone_direction = Transform3D(-0.318178, -0.947347, 0.0360115, 0.947347, -0.319161, -0.0258808, 0.0360115, 0.0258808, 0.999016, 0, 0, 0)
constraints/27/bone_name = &"RightIndexIntermediate"
constraints/27/twist_start = 0.0
constraints/27/twist_end = 6.28318
constraints/27/kusudama_open_cone_count = 0
constraints/27/kusudama_twist = Transform3D(1, 3.41521e-17, -2.6291e-17, -8.58232e-18, 1, 2.32435e-17, 3.8343e-17, -8.16006e-18, 1, 0, 0, 0)
constraints/27/kusudama_orientation = Transform3D(1, 0, 0, 0, 1, 0, 0, 0, 1, 0.0875004, -0.0294789, -0.00239044)
constraints/27/bone_direction = Transform3D(0.997858, 0.0653276, -0.00352953, -0.0653276, 0.992043, -0.107626, -0.00352953, 0.107626, 0.994185, 0, 0, 0)
constraints/28/bone_name = &"RightIndexDistal"
constraints/28/twist_start = 0.0
constraints/28/twist_end = 6.28318
constraints/28/kusudama_open_cone_count = 0
constraints/28/kusudama_twist = Transform3D(1, -1.22687e-17, 2.6242e-17, -3.11166e-17, 1, -3.50954e-17, 2.60768e-17, -5.10368e-17, 1, 0, 0, 0)
constraints/28/kusudama_orientation = Transform3D(1, 0, 0, 0, 1, 0, 0, 0, 1, -0.0112084, 0.170207, -0.0184657)
constraints/28/bone_direction = Transform3D(0.999068, -0.0428964, 0.00488431, 0.0428964, 0.973482, -0.224706, 0.00488431, 0.224706, 0.974414, 0, 0, 0)
constraints/29/bone_name = &"RightMiddleProximal"
constraints/29/twist_start = 0.0
constraints/29/twist_end = 6.28318
constraints/29/kusudama_open_cone_count = 0
constraints/29/kusudama_twist = Transform3D(1, 3.41521e-17, -2.6291e-17, -8.58232e-18, 1, 2.32435e-17, 3.8343e-17, -8.16006e-18, 1, 0, 0, 0)
constraints/29/kusudama_orientation = Transform3D(1, 0, 0, 0, 1, 0, 0, 0, 1, -0.0201923, 0.0485884, 0.0373578)
constraints/29/bone_direction = Transform3D(-0.319519, 0.947525, -0.0101693, -0.947525, -0.319598, -0.00730243, -0.0101693, 0.00730243, 0.999922, 0, 0, 0)
constraints/30/bone_name = &"RightMiddleIntermediate"
constraints/30/twist_start = 0.0
constraints/30/twist_end = 6.28318
constraints/30/kusudama_open_cone_count = 0
constraints/30/kusudama_twist = Transform3D(1, 3.41521e-17, -2.6291e-17, -8.58232e-18, 1, 2.32435e-17, 3.8343e-17, -8.16006e-18, 1, 0, 0, 0)
constraints/30/kusudama_orientation = Transform3D(1, 0, 0, 0, 1, 0, 0, 0, 1, -0.0874946, -0.0295117, -0.000674307)
constraints/30/bone_direction = Transform3D(0.99786, -0.0652683, 0.00394243, 0.0652683, 0.990597, -0.120239, 0.00394243, 0.120239, 0.992737, 0, 0, 0)
constraints/31/bone_name = &"RightMiddleDistal"
constraints/31/twist_start = 0.0
constraints/31/twist_end = 6.28318
constraints/31/kusudama_open_cone_count = 0
constraints/31/kusudama_twist = Transform3D(1, -1.15028e-16, 1.61943e-17, -7.5382e-18, 1, -7.97907e-18, -1.98871e-18, -2.59745e-17, 1, 0, 0, 0)
constraints/31/kusudama_orientation = Transform3D(1, 0, 0, 0, 1, 0, 0, 0, 1, 0.0112147, 0.170209, -0.02066)
constraints/31/bone_direction = Transform3D(0.999067, 0.0429079, -0.00481055, -0.0429079, 0.974252, -0.22134, -0.00481055, 0.22134, 0.975185, 0, 0, 0)
constraints/32/bone_name = &"LeftUpperLeg"
constraints/32/twist_start = 0.0
constraints/32/twist_end = 6.24828
constraints/32/kusudama_open_cone_count = 0
constraints/32/kusudama_twist = Transform3D(1, 1.78954e-17, -1.98499e-17, -9.86021e-18, 1, 4.44775e-17, 7.90566e-18, -6.65448e-17, 1, 0, 0, 0)
constraints/32/kusudama_orientation = Transform3D(1, 0, 0, 0, 1, 0, 0, 0, 1, 0.0874459, -0.0294881, -0.00239364)
constraints/32/bone_direction = Transform3D(0.997859, 0.065308, -0.0035323, -0.065308, 0.992031, -0.107742, -0.0035323, 0.107742, 0.994173, 0, 0, 0)
constraints/33/bone_name = &"LeftLowerLeg"
constraints/33/twist_start = 3.14159
constraints/33/twist_end = 0.349066
constraints/33/kusudama_open_cone_count = 0
constraints/33/kusudama_twist = Transform3D(1, -3.62567e-17, -3.27719e-17, 4.0398e-19, 1, -1.87976e-17, -1.49617e-17, 5.25348e-18, 1, 0, 0, 0)
constraints/33/kusudama_orientation = Transform3D(1, 0, 0, 0, 1, 0, 0, 0, 1, -0.0112005, 0.170136, -0.0184781)
constraints/33/bone_direction = Transform3D(0.999776, 0.0211721, 0.000566983, -0.0211721, 0.998343, 0.0535152, 0.000566983, -0.0535152, 0.998567, 0, 0, 0)
constraints/34/bone_name = &"LeftFoot"
constraints/34/twist_start = 3.14159
constraints/34/twist_end = 6.10865
constraints/34/kusudama_open_cone_count = 0
constraints/34/kusudama_twist = Transform3D(1, 3.43689e-18, 2.79457e-17, -1.61198e-17, 1, 4.09379e-17, 8.64125e-18, -3.14755e-17, 1, 0, 0, 0)
constraints/34/kusudama_orientation = Transform3D(1, 0, 0, 0, 1, 0, 0, 0, 1, -0.00266424, 0.125629, 0.00673422)
constraints/34/bone_direction = Transform3D(0.999004, -0.043562, 0.00968116, 0.043562, 0.90492, -0.423347, 0.00968116, 0.423347, 0.905916, 0, 0, 0)
constraints/35/bone_name = &"LeftToes"
constraints/35/twist_start = 0.0
constraints/35/twist_end = 6.28318
constraints/35/kusudama_open_cone_count = 0
constraints/35/kusudama_twist = Transform3D(1, 1.23967e-20, -1.2496e-17, -4.89739e-20, 1, 5.05775e-18, 7.1899e-18, -2.71589e-18, 1, 0, 0, 0)
constraints/35/kusudama_orientation = Transform3D(1, 0, 0, 0, 1, 0, 0, 0, 1, 0.00410408, 0.0852547, -0.0398846)
constraints/35/bone_direction = Transform3D(1, 8.54965e-19, -1.2496e-17, 4.89739e-20, 1, -5.05775e-18, 7.1899e-18, 2.71589e-18, 1, 0, 0, 0)
constraints/36/bone_name = &"RightUpperLeg"
constraints/36/twist_start = 0.0
constraints/36/twist_end = 6.24828
constraints/36/kusudama_open_cone_count = 0
constraints/36/kusudama_twist = Transform3D(1, 1.78954e-17, -1.98499e-17, -9.86021e-18, 1, 4.44775e-17, 7.90566e-18, -6.65448e-17, 1, 0, 0, 0)
constraints/36/kusudama_orientation = Transform3D(1, 0, 0, 0, 1, 0, 0, 0, 1, -0.0874459, -0.0294881, -0.000676899)
constraints/36/bone_direction = Transform3D(0.997864, -0.0652128, 0.00394362, 0.0652128, 0.990584, -0.120377, 0.00394362, 0.120377, 0.99272, 0, 0, 0)
constraints/37/bone_name = &"RightLowerLeg"
constraints/37/twist_start = 3.14159
constraints/37/twist_end = 0.349066
constraints/37/kusudama_open_cone_count = 0
constraints/37/kusudama_twist = Transform3D(1, 6.38843e-19, -6.57624e-18, 2.15278e-17, 1, -8.47151e-18, 1.45364e-17, -7.42036e-17, 1, 0, 0, 0)
constraints/37/kusudama_orientation = Transform3D(1, 0, 0, 0, 1, 0, 0, 0, 1, 0.0112005, 0.170136, -0.0206751)
constraints/37/bone_direction = Transform3D(0.999776, -0.0211766, -0.000530514, 0.0211766, 0.998521, 0.0500667, -0.000530514, -0.0500667, 0.998746, 0, 0, 0)
constraints/38/bone_name = &"RightFoot"
constraints/38/twist_start = 3.14159
constraints/38/twist_end = 6.10865
constraints/38/kusudama_open_cone_count = 0
constraints/38/kusudama_twist = Transform3D(1, 9.3067e-20, -3.57229e-17, 2.10094e-18, 1, -7.96491e-18, -5.96668e-18, -1.43786e-17, 1, 0, 0, 0)
constraints/38/kusudama_orientation = Transform3D(1, 0, 0, 0, 1, 0, 0, 0, 1, 0.00266434, 0.125629, 0.00629914)
constraints/38/bone_direction = Transform3D(0.999026, 0.043088, -0.00945963, -0.043088, 0.907106, -0.41869, -0.00945963, 0.41869, 0.90808, 0, 0, 0)
constraints/39/bone_name = &"RightToes"
constraints/39/twist_start = 0.0
constraints/39/twist_end = 6.28318
constraints/39/kusudama_open_cone_count = 0
constraints/39/kusudama_twist = Transform3D(1, -1.51481e-19, -1.18535e-17, 3.91564e-19, 1, 1.15945e-18, 6.25839e-18, 7.92054e-19, 1, 0, 0, 0)
constraints/39/kusudama_orientation = Transform3D(1, 0, 0, 0, 1, 0, 0, 0, 1, -0.00410427, 0.0864047, -0.0398816)
constraints/39/bone_direction = Transform3D(1, 1.51481e-19, -1.18535e-17, -3.91564e-19, 1, -1.15945e-18, 6.25839e-18, -7.92054e-19, 1, 0, 0, 0)

[node name="Hips" type="Marker3D" parent="Frogdude/Frogdude2/RootNode/GeneralSkeleton/ManyBoneIK3D"]
transform = Transform3D(1, 0, 0, 0, 1, 0, 0, 0, 1, -0.0135301, 0.368889, 0.014417)

[node name="MeshInstance3D" type="MeshInstance3D" parent="Frogdude/Frogdude2/RootNode/GeneralSkeleton/ManyBoneIK3D/Hips"]
mesh = SubResource("SphereMesh_uqy88")
surface_material_override/0 = SubResource("StandardMaterial3D_87raj")

[node name="Head" type="Marker3D" parent="Frogdude/Frogdude2/RootNode/GeneralSkeleton/ManyBoneIK3D"]
transform = Transform3D(1, 0, 0, 0, 1, 0, 0, 0, 1, 0.000218338, 0.793495, 0.0388968)

[node name="MeshInstance3D" type="MeshInstance3D" parent="Frogdude/Frogdude2/RootNode/GeneralSkeleton/ManyBoneIK3D/Head"]
mesh = SubResource("SphereMesh_uqy88")
surface_material_override/0 = SubResource("StandardMaterial3D_87raj")

[node name="LeftLowerArm" type="Marker3D" parent="Frogdude/Frogdude2/RootNode/GeneralSkeleton/ManyBoneIK3D"]
transform = Transform3D(0, 1, 0, -1, 0, -2.22045e-16, -2.22045e-16, 0, 1, 0.185541, 0.530874, 0.0290487)

[node name="MeshInstance3D" type="MeshInstance3D" parent="Frogdude/Frogdude2/RootNode/GeneralSkeleton/ManyBoneIK3D/LeftLowerArm"]
mesh = SubResource("SphereMesh_uqy88")
surface_material_override/0 = SubResource("StandardMaterial3D_87raj")

[node name="LeftHand" type="Marker3D" parent="Frogdude/Frogdude2/RootNode/GeneralSkeleton/ManyBoneIK3D"]
transform = Transform3D(0, 1, 0, 0, 0, -1, -1, 0, 0, 0.355599, 0.478265, 0.0375244)

[node name="MeshInstance3D" type="MeshInstance3D" parent="Frogdude/Frogdude2/RootNode/GeneralSkeleton/ManyBoneIK3D/LeftHand"]
mesh = SubResource("SphereMesh_uqy88")
surface_material_override/0 = SubResource("StandardMaterial3D_87raj")

[node name="RightLowerArm" type="Marker3D" parent="Frogdude/Frogdude2/RootNode/GeneralSkeleton/ManyBoneIK3D"]
transform = Transform3D(0, -1, 0, 1, 0, -2.22045e-16, 2.22045e-16, 0, 1, -0.185104, 0.530874, 0.0296614)

[node name="MeshInstance3D" type="MeshInstance3D" parent="Frogdude/Frogdude2/RootNode/GeneralSkeleton/ManyBoneIK3D/RightLowerArm"]
mesh = SubResource("SphereMesh_uqy88")
surface_material_override/0 = SubResource("StandardMaterial3D_87raj")

[node name="RightHand" type="Marker3D" parent="Frogdude/Frogdude2/RootNode/GeneralSkeleton/ManyBoneIK3D"]
transform = Transform3D(0, -1, 0, 0, 0, -1, 1, 0, 0, -0.355162, 0.478265, 0.0379688)

[node name="MeshInstance3D" type="MeshInstance3D" parent="Frogdude/Frogdude2/RootNode/GeneralSkeleton/ManyBoneIK3D/RightHand"]
mesh = SubResource("SphereMesh_uqy88")
surface_material_override/0 = SubResource("StandardMaterial3D_87raj")

[node name="LeftLowerLeg" type="Marker3D" parent="Frogdude/Frogdude2/RootNode/GeneralSkeleton/ManyBoneIK3D"]
transform = Transform3D(1, 0, 0, 0, -1, 0, 0, 0, -1, 0.0988648, 0.169265, -0.00645472)

[node name="MeshInstance3D" type="MeshInstance3D" parent="Frogdude/Frogdude2/RootNode/GeneralSkeleton/ManyBoneIK3D/LeftLowerLeg"]
mesh = SubResource("SphereMesh_uqy88")
surface_material_override/0 = SubResource("StandardMaterial3D_87raj")

[node name="LeftFoot" type="Marker3D" parent="Frogdude/Frogdude2/RootNode/GeneralSkeleton/ManyBoneIK3D"]
transform = Transform3D(-1, 0, 0, 0, -2.22045e-16, 1, 0, 1, 2.22045e-16, 0.0962005, 0.0436356, -0.0131889)

[node name="MeshInstance3D" type="MeshInstance3D" parent="Frogdude/Frogdude2/RootNode/GeneralSkeleton/ManyBoneIK3D/LeftFoot"]
mesh = SubResource("SphereMesh_uqy88")
surface_material_override/0 = SubResource("StandardMaterial3D_87raj")

[node name="RightLowerLeg" type="Marker3D" parent="Frogdude/Frogdude2/RootNode/GeneralSkeleton/ManyBoneIK3D"]
transform = Transform3D(1, 0, 0, 0, -1, 0, 0, 0, -1, -0.0984281, 0.169265, -0.00693498)

[node name="MeshInstance3D" type="MeshInstance3D" parent="Frogdude/Frogdude2/RootNode/GeneralSkeleton/ManyBoneIK3D/RightLowerLeg"]
mesh = SubResource("SphereMesh_uqy88")
