[gd_scene load_steps=2 format=3 uid="uid://bkkoxq2l47ndk"]

[ext_resource type="PackedScene" uid="uid://bfc6nbf2x6c7o" path="res://SK_liqu/art/SK_liqu/Liqu.vrm" id="1_qqot0"]

[node name="Liqu" instance=ExtResource("1_qqot0")]
transform = Transform3D(1, 0, 0, 0, 1, 0, 0, 0, 1, -0.0589771, 0, 0)
update_in_editor = true
gizmo_spring_bone = true

[node name="GeneralSkeleton" parent="Armature" index="0"]
bones/0/position = Vector3(-4.12762e-06, 0.72123, -0.0103901)
bones/0/rotation = Quaternion(0.98298, 0.00342522, 0.000535141, -0.183682)
bones/1/position = Vector3(0.0600105, -0.0434193, -0.0100035)
bones/1/rotation = Quaternion(-0.000790062, 0.018941, 0.999805, -0.00547161)
bones/1/scale = Vector3(1, 1, 1)
bones/2/position = Vector3(0.00875686, 0.2989, 0.011409)
bones/2/rotation = Quaternion(0.0136519, 0.998993, -0.0220148, 0.0366453)
bones/2/scale = Vector3(1, 1, 1)
bones/3/position = Vector3(-0.0135659, 0.334199, 0.025077)
bones/3/rotation = Quaternion(0.0291037, 0.813962, -0.580154, 0.0063027)
bones/3/scale = Vector3(1, 1, 1)
bones/4/position = Vector3(-0.0110649, 0.0936268, -0.0334718)
bones/4/rotation = Quaternion(-4.18013e-05, 0.793347, -0.608769, 3.0639e-05)
bones/4/scale = Vector3(1, 1, 1)
bones/5/position = Vector3(-0.0600144, -0.0434139, -0.0100011)
bones/5/rotation = Quaternion(0.000206968, 0.0187821, 0.999693, 0.0161841)
bones/5/scale = Vector3(1, 1, 1)
bones/6/position = Vector3(-0.00875457, 0.298999, 0.0114118)
bones/6/rotation = Quaternion(-0.02126, 0.999139, -0.0210393, -0.0287335)
bones/6/scale = Vector3(1, 1, 1)
bones/7/position = Vector3(0.0135659, 0.334174, 0.025079)
bones/7/rotation = Quaternion(-0.0249117, 0.814978, -0.578815, -0.0127929)
bones/7/scale = Vector3(1, 1, 1)
bones/8/position = Vector3(0.0110635, 0.0935744, -0.0334844)
bones/8/rotation = Quaternion(-2.90418e-06, 0.79333, -0.608792, 1.43343e-05)
bones/8/scale = Vector3(1, 1, 1)
bones/9/position = Vector3(7.6741e-07, 0.0340006, 1.00583e-07)
bones/9/rotation = Quaternion(-0.00183748, -8.1465e-05, 0.00659688, 0.999977)
bones/9/scale = Vector3(1, 1, 1)
bones/10/position = Vector3(7.33882e-07, 0.0668166, 6.09942e-05)
bones/10/rotation = Quaternion(0.0661615, 0.000340307, 0.0140265, 0.99771)
bones/10/scale = Vector3(1, 1, 1)
bones/11/position = Vector3(-8.13976e-07, 0.0880724, -0.00929925)
bones/11/rotation = Quaternion(-0.065911, 0.000458587, 0.00034717, 0.997825)
bones/11/scale = Vector3(1, 1, 1)
bones/15/position = Vector3(0.0300055, 0.0905477, -0.0179705)
bones/15/rotation = Quaternion(0.507785, 0.492124, 0.504301, -0.495629)
bones/15/scale = Vector3(1, 1, 1)
bones/16/position = Vector3(4.58211e-07, 0.0611683, 4.97103e-05)
bones/16/rotation = Quaternion(-0.00173808, 0.999986, -0.00500109, -5.97096e-05)
bones/16/scale = Vector3(1, 1, 1)
bones/17/position = Vector3(0.000108663, 0.16003, 0.000384569)
bones/17/rotation = Quaternion(0.00380899, -0.707009, -0.00632861, 0.707165)
bones/17/scale = Vector3(1, 0.999999, 1)
bones/18/position = Vector3(0.000785232, 0.15005, -7.71955e-05)
bones/18/rotation = Quaternion(-0.00053763, 0.707356, 0.00704872, 0.706822)
bones/18/scale = Vector3(0.999999, 0.999998, 1)
bones/39/position = Vector3(3.29688e-07, 0.12325, -0.0316508)
bones/39/rotation = Quaternion(-0.0219625, 0.00533758, -0.029771, 0.999301)
bones/39/scale = Vector3(1, 1, 1)
bones/40/position = Vector3(-1.07288e-06, 0.049444, 0.015405)
bones/40/rotation = Quaternion(0.022468, -0.00250836, 0.0108599, 0.999685)
bones/40/scale = Vector3(1, 1, 1)
bones/106/position = Vector3(-0.0300059, 0.0907133, -0.0179713)
bones/106/rotation = Quaternion(-0.491372, 0.508435, 0.489065, 0.510748)
bones/106/scale = Vector3(1, 1, 1)
bones/107/position = Vector3(-5.47618e-07, 0.0611626, -1.26958e-05)
bones/107/rotation = Quaternion(-0.00109442, 0.999996, 0.00245267, -1.9891e-05)
bones/107/scale = Vector3(1, 1, 1)
bones/108/position = Vector3(-0.000109993, 0.160041, 0.000348747)
bones/108/rotation = Quaternion(0.00136078, 0.707153, -0.0019107, 0.707057)
bones/108/scale = Vector3(1, 0.999999, 1)
bones/109/position = Vector3(-0.000775933, 0.150057, -7.91922e-05)
bones/109/rotation = Quaternion(0.00321827, -0.707424, 0.00136474, 0.706781)
bones/109/scale = Vector3(0.999999, 0.999998, 1)
bones/134/position = Vector3(-0.0526461, 1.38994, -0.28833)
bones/134/rotation = Quaternion(0.983192, 0.00104561, 0.00230686, 0.182557)

[node name="ManyBoneIK3D" type="ManyBoneIK3D" parent="." index="5"]
skeleton_node_path = NodePath("../Armature/GeneralSkeleton")
iterations_per_frame = 200.0
bone_count = 135
bone/0/bone_name = null
bone/0/damp = 3.14159
bone/1/bone_name = null
bone/1/damp = 3.14159
bone/2/bone_name = null
bone/2/damp = 3.14159
bone/3/bone_name = null
bone/3/damp = 3.14159
bone/4/bone_name = null
bone/4/damp = 3.14159
bone/5/bone_name = null
bone/5/damp = 3.14159
bone/6/bone_name = null
bone/6/damp = 3.14159
bone/7/bone_name = null
bone/7/damp = 3.14159
bone/8/bone_name = null
bone/8/damp = 3.14159
bone/9/bone_name = null
bone/9/damp = 3.14159
bone/10/bone_name = null
bone/10/damp = 3.14159
bone/11/bone_name = null
bone/11/damp = 3.14159
bone/12/bone_name = null
bone/12/damp = 3.14159
bone/13/bone_name = null
bone/13/damp = 3.14159
bone/14/bone_name = null
bone/14/damp = 3.14159
bone/15/bone_name = null
bone/15/damp = 3.14159
bone/16/bone_name = null
bone/16/damp = 3.14159
bone/17/bone_name = null
bone/17/damp = 3.14159
bone/18/bone_name = null
bone/18/damp = 3.14159
bone/19/bone_name = null
bone/19/damp = 3.14159
bone/20/bone_name = null
bone/20/damp = 3.14159
bone/21/bone_name = null
bone/21/damp = 3.14159
bone/22/bone_name = null
bone/22/damp = 3.14159
bone/23/bone_name = null
bone/23/damp = 3.14159
bone/24/bone_name = null
bone/24/damp = 3.14159
bone/25/bone_name = null
bone/25/damp = 3.14159
bone/26/bone_name = null
bone/26/damp = 3.14159
bone/27/bone_name = null
bone/27/damp = 3.14159
bone/28/bone_name = null
bone/28/damp = 3.14159
bone/29/bone_name = null
bone/29/damp = 3.14159
bone/30/bone_name = null
bone/30/damp = 3.14159
bone/31/bone_name = null
bone/31/damp = 3.14159
bone/32/bone_name = null
bone/32/damp = 3.14159
bone/33/bone_name = null
bone/33/damp = 3.14159
bone/34/bone_name = null
bone/34/damp = 3.14159
bone/35/bone_name = null
bone/35/damp = 3.14159
bone/36/bone_name = null
bone/36/damp = 3.14159
bone/37/bone_name = null
bone/37/damp = 3.14159
bone/38/bone_name = null
bone/38/damp = 3.14159
bone/39/bone_name = null
bone/39/damp = 3.14159
bone/40/bone_name = null
bone/40/damp = 3.14159
bone/41/bone_name = null
bone/41/damp = 3.14159
bone/42/bone_name = null
bone/42/damp = 3.14159
bone/43/bone_name = null
bone/43/damp = 3.14159
bone/44/bone_name = null
bone/44/damp = 3.14159
bone/45/bone_name = null
bone/45/damp = 3.14159
bone/46/bone_name = null
bone/46/damp = 3.14159
bone/47/bone_name = null
bone/47/damp = 3.14159
bone/48/bone_name = null
bone/48/damp = 3.14159
bone/49/bone_name = null
bone/49/damp = 3.14159
bone/50/bone_name = null
bone/50/damp = 3.14159
bone/51/bone_name = null
bone/51/damp = 3.14159
bone/52/bone_name = null
bone/52/damp = 3.14159
bone/53/bone_name = null
bone/53/damp = 3.14159
bone/54/bone_name = null
bone/54/damp = 3.14159
bone/55/bone_name = null
bone/55/damp = 3.14159
bone/56/bone_name = null
bone/56/damp = 3.14159
bone/57/bone_name = null
bone/57/damp = 3.14159
bone/58/bone_name = null
bone/58/damp = 3.14159
bone/59/bone_name = null
bone/59/damp = 3.14159
bone/60/bone_name = null
bone/60/damp = 3.14159
bone/61/bone_name = null
bone/61/damp = 3.14159
bone/62/bone_name = null
bone/62/damp = 3.14159
bone/63/bone_name = null
bone/63/damp = 3.14159
bone/64/bone_name = null
bone/64/damp = 3.14159
bone/65/bone_name = null
bone/65/damp = 3.14159
bone/66/bone_name = null
bone/66/damp = 3.14159
bone/67/bone_name = null
bone/67/damp = 3.14159
bone/68/bone_name = null
bone/68/damp = 3.14159
bone/69/bone_name = null
bone/69/damp = 3.14159
bone/70/bone_name = null
bone/70/damp = 3.14159
bone/71/bone_name = null
bone/71/damp = 3.14159
bone/72/bone_name = null
bone/72/damp = 3.14159
bone/73/bone_name = null
bone/73/damp = 3.14159
bone/74/bone_name = null
bone/74/damp = 3.14159
bone/75/bone_name = null
bone/75/damp = 3.14159
bone/76/bone_name = null
bone/76/damp = 3.14159
bone/77/bone_name = null
bone/77/damp = 3.14159
bone/78/bone_name = null
bone/78/damp = 3.14159
bone/79/bone_name = null
bone/79/damp = 3.14159
bone/80/bone_name = null
bone/80/damp = 3.14159
bone/81/bone_name = null
bone/81/damp = 3.14159
bone/82/bone_name = null
bone/82/damp = 3.14159
bone/83/bone_name = null
bone/83/damp = 3.14159
bone/84/bone_name = null
bone/84/damp = 3.14159
bone/85/bone_name = null
bone/85/damp = 3.14159
bone/86/bone_name = null
bone/86/damp = 3.14159
bone/87/bone_name = null
bone/87/damp = 3.14159
bone/88/bone_name = null
bone/88/damp = 3.14159
bone/89/bone_name = null
bone/89/damp = 3.14159
bone/90/bone_name = null
bone/90/damp = 3.14159
bone/91/bone_name = null
bone/91/damp = 3.14159
bone/92/bone_name = null
bone/92/damp = 3.14159
bone/93/bone_name = null
bone/93/damp = 3.14159
bone/94/bone_name = null
bone/94/damp = 3.14159
bone/95/bone_name = null
bone/95/damp = 3.14159
bone/96/bone_name = null
bone/96/damp = 3.14159
bone/97/bone_name = null
bone/97/damp = 3.14159
bone/98/bone_name = null
bone/98/damp = 3.14159
bone/99/bone_name = null
bone/99/damp = 3.14159
bone/100/bone_name = null
bone/100/damp = 3.14159
bone/101/bone_name = null
bone/101/damp = 3.14159
bone/102/bone_name = null
bone/102/damp = 3.14159
bone/103/bone_name = null
bone/103/damp = 3.14159
bone/104/bone_name = null
bone/104/damp = 3.14159
bone/105/bone_name = null
bone/105/damp = 3.14159
bone/106/bone_name = null
bone/106/damp = 3.14159
bone/107/bone_name = null
bone/107/damp = 3.14159
bone/108/bone_name = null
bone/108/damp = 3.14159
bone/109/bone_name = null
bone/109/damp = 3.14159
bone/110/bone_name = null
bone/110/damp = 3.14159
bone/111/bone_name = null
bone/111/damp = 3.14159
bone/112/bone_name = null
bone/112/damp = 3.14159
bone/113/bone_name = null
bone/113/damp = 3.14159
bone/114/bone_name = null
bone/114/damp = 3.14159
bone/115/bone_name = null
bone/115/damp = 3.14159
bone/116/bone_name = null
bone/116/damp = 3.14159
bone/117/bone_name = null
bone/117/damp = 3.14159
bone/118/bone_name = null
bone/118/damp = 3.14159
bone/119/bone_name = null
bone/119/damp = 3.14159
bone/120/bone_name = null
bone/120/damp = 3.14159
bone/121/bone_name = null
bone/121/damp = 3.14159
bone/122/bone_name = null
bone/122/damp = 3.14159
bone/123/bone_name = null
bone/123/damp = 3.14159
bone/124/bone_name = null
bone/124/damp = 3.14159
bone/125/bone_name = null
bone/125/damp = 3.14159
bone/126/bone_name = null
bone/126/damp = 3.14159
bone/127/bone_name = null
bone/127/damp = 3.14159
bone/128/bone_name = null
bone/128/damp = 3.14159
bone/129/bone_name = null
bone/129/damp = 3.14159
bone/130/bone_name = null
bone/130/damp = 3.14159
bone/131/bone_name = null
bone/131/damp = 3.14159
bone/132/bone_name = null
bone/132/damp = 3.14159
bone/133/bone_name = null
bone/133/damp = 3.14159
bone/134/bone_name = null
bone/134/damp = 3.14159
constraint_count = 135
constraints/0/bone_name = &"Hips"
constraints/0/twist_from = 0.0
constraints/0/twist_range = 4.71239
constraints/0/twist_current = 0.0
constraints/0/kusudama_limit_cone_count = 1
constraints/0/kusudama_limit_cone/0/center = Vector3(0, 1, 0)
constraints/0/kusudama_limit_cone/0/radius = 0.0174533
constraints/0/kusudama_twist = Transform3D(1, 0, 0, 0, 1, 0, 0, 0, 1, 2.35367e-16, 0.721485, -0.010541)
constraints/0/kusudama_orientation = Transform3D(0.999987, 0.0012138, 0.00491795, 0.00289834, -0.933344, -0.358973, 0.00415441, 0.358982, -0.933335, -0.0518259, 0.720518, -0.0197239)
constraints/0/bone_direction = Transform3D(0.999982, -0.00530335, 0.00264818, -0.00403259, -0.936055, -0.35183, 0.00434472, 0.351813, -0.93606, -0.0518259, 0.720518, -0.0197239)
constraints/1/bone_name = &"LeftUpperLeg"
constraints/1/twist_from = 0.0
constraints/1/twist_range = 4.71239
constraints/1/twist_current = 0.0
constraints/1/kusudama_limit_cone_count = 1
constraints/1/kusudama_limit_cone/0/center = Vector3(0, -1, 0)
constraints/1/kusudama_limit_cone/0/radius = 1.39626
constraints/1/kusudama_twist = Transform3D(1, 0, 0, 0, 1, 0, 0, 0, 1, 0.06, 0.678085, -0.020541)
constraints/1/kusudama_orientation = Transform3D(0.999982, 0.00402257, -0.004354, -0.00403259, 0.999989, -0.00229606, 0.00434472, 0.00231352, 0.999988, 0.0080525, 0.67688, -0.029567)
constraints/1/bone_direction = Transform3D(-0.999331, 0.0361976, -0.0051666, -0.0361847, -0.999342, -0.00255784, -0.00525578, -0.00236916, 0.999983, 0.0080525, 0.67688, -0.029567)
constraints/2/bone_name = &"LeftLowerLeg"
constraints/2/twist_from = 0.0
constraints/2/twist_range = 4.71239
constraints/2/twist_current = 0.0
constraints/2/kusudama_limit_cone_count = 3
constraints/2/kusudama_limit_cone/0/center = Vector3(0, 1, 0)
constraints/2/kusudama_limit_cone/0/radius = 0.0349066
constraints/2/kusudama_limit_cone/1/center = Vector3(0, 0, -1)
constraints/2/kusudama_limit_cone/1/radius = 0.0349066
constraints/2/kusudama_limit_cone/2/center = Vector3(0, -1, 0)
constraints/2/kusudama_limit_cone/2/radius = 0.0349066
constraints/2/kusudama_twist = Transform3D(-1, 0, 0, 0, -1, 0, 0, 0, 1, 0.0512447, 0.379123, -0.00912565)
constraints/2/kusudama_orientation = Transform3D(-0.99996, 0.00672659, -0.00598562, -0.00693541, -0.999343, 0.0355784, -0.00574236, 0.0356185, 0.999349, 0.00123828, 0.378522, -0.00756941)
constraints/2/bone_direction = Transform3D(0.997483, 0.0235109, -0.0668918, 0.0191024, -0.99765, -0.0657982, -0.0682816, 0.0643549, -0.995589, 0.00123828, 0.378522, -0.00756941)
constraints/3/bone_name = &"LeftFoot"
constraints/3/twist_from = 0.0
constraints/3/twist_range = 4.71239
constraints/3/twist_current = 0.0
constraints/3/kusudama_limit_cone_count = 1
constraints/3/kusudama_limit_cone/0/center = Vector3(0, 1, 0)
constraints/3/kusudama_limit_cone/0/radius = 3.49066
constraints/3/kusudama_twist = Transform3D(1, 0, 0, 0, -1, 0, 0, 0, -1, 0.0376808, 0.0449292, -0.0342024)
constraints/3/kusudama_orientation = Transform3D(0.997516, -0.0219137, -0.0669516, -0.0213581, -0.999732, 0.0090044, -0.0671309, -0.00755198, -0.997716, -0.0212964, 0.0449282, -0.0342023)
constraints/3/bone_direction = Transform3D(-1, -4.05125e-08, -1.11759e-08, -9.31323e-09, -2.98023e-08, 1, 4.65661e-09, 1, -5.96046e-08, -0.0212964, 0.0449282, -0.0342023)
constraints/4/bone_name = &"LeftToes"
constraints/4/twist_from = 0.0
constraints/4/twist_range = 4.71239
constraints/4/twist_current = 0.0
constraints/4/kusudama_limit_cone_count = 1
constraints/4/kusudama_limit_cone/0/center = Vector3(0, 0, -1)
constraints/4/kusudama_limit_cone/0/radius = 0.261799
constraints/4/kusudama_twist = Transform3D(-1, 0, 0, 0, 0, 1, 0, 1, 0, 0.0487446, 0.0114563, 0.0593773)
constraints/4/kusudama_orientation = Transform3D(-0.993677, 0.110638, 0.0191311, -0.0191311, -0.33473, 0.942121, 0.110638, 0.935797, 0.334729, -0.000583066, -0.0177343, 0.0409852)
constraints/4/bone_direction = Transform3D(0.993666, 0.0101827, -0.111919, 0.019168, -0.996652, 0.0795031, -0.110735, -0.0811443, -0.990533, -0.000583066, -0.0177343, 0.0409852)
constraints/5/bone_name = &"RightUpperLeg"
constraints/5/twist_from = 0.0
constraints/5/twist_range = 4.71239
constraints/5/twist_current = 0.0
constraints/5/kusudama_limit_cone_count = 1
constraints/5/kusudama_limit_cone/0/center = Vector3(0, -1, 0)
constraints/5/kusudama_limit_cone/0/radius = 1.39626
constraints/5/kusudama_twist = Transform3D(1, 0, 0, 0, 1, 0, 0, 0, 1, -0.06, 0.678082, -0.020541)
constraints/5/kusudama_orientation = Transform3D(0.999982, 0.00402257, -0.004354, -0.00403259, 0.999989, -0.00229606, 0.00434472, 0.00231352, 0.999988, -0.11197, 0.67737, -0.0300861)
constraints/5/bone_direction = Transform3D(-0.997833, -0.0656005, -0.00512693, 0.0656157, -0.997841, -0.00284909, -0.00492896, -0.00317928, 0.999983, -0.11197, 0.67737, -0.0300861)
constraints/6/bone_name = &"RightLowerLeg"
constraints/6/twist_from = 0.0
constraints/6/twist_range = 4.71239
constraints/6/twist_current = 0.0
constraints/6/kusudama_limit_cone_count = 3
constraints/6/kusudama_limit_cone/0/center = Vector3(0, 1, 0)
constraints/6/kusudama_limit_cone/0/radius = 0.0349066
constraints/6/kusudama_limit_cone/1/center = Vector3(0, 0, -1)
constraints/6/kusudama_limit_cone/1/radius = 0.0349066
constraints/6/kusudama_limit_cone/2/center = Vector3(0, -1, 0)
constraints/6/kusudama_limit_cone/2/radius = 0.0349066
constraints/6/kusudama_twist = Transform3D(-1, 0, 0, 0, -1, 0, 0, 0, 1, -0.0512445, 0.37912, -0.00912553)
constraints/6/kusudama_orientation = Transform3D(-0.999327, -0.0365311, -0.00317817, 0.0363966, -0.998716, 0.0352469, -0.00446169, 0.0351076, 0.999374, -0.114181, 0.378838, -0.00814527)
constraints/6/bone_direction = Transform3D(0.997482, -0.0376448, 0.0601001, -0.0334843, -0.997069, -0.0687947, 0.0625137, 0.0666092, -0.995819, -0.114181, 0.378838, -0.00814527)
constraints/7/bone_name = &"RightFoot"
constraints/7/twist_from = 0.0
constraints/7/twist_range = 4.71239
constraints/7/twist_current = 0.0
constraints/7/kusudama_limit_cone_count = 1
constraints/7/kusudama_limit_cone/0/center = Vector3(0, 1, 0)
constraints/7/kusudama_limit_cone/0/radius = 3.49066
constraints/7/kusudama_twist = Transform3D(1, 0, 0, 0, -1, 0, 0, 0, -1, -0.0376792, 0.0449262, -0.034202)
constraints/7/kusudama_orientation = Transform3D(0.998097, 0.00732716, 0.0612355, 0.00697307, -0.999958, 0.00599382, 0.0612768, -0.00555532, -0.998105, -0.0966563, 0.0449226, -0.0342019)
constraints/7/bone_direction = Transform3D(-1, 9.77889e-09, -6.89179e-08, -3.91155e-08, -2.68221e-07, 1, -4.65661e-10, 1, 0, -0.0966563, 0.0449226, -0.0342019)
constraints/8/bone_name = &"RightToes"
constraints/8/twist_from = 0.0
constraints/8/twist_range = 4.71239
constraints/8/twist_current = 0.0
constraints/8/kusudama_limit_cone_count = 1
constraints/8/kusudama_limit_cone/0/center = Vector3(0, 0, -1)
constraints/8/kusudama_limit_cone/0/radius = 0.261799
constraints/8/kusudama_twist = Transform3D(-1, 0, 0, 0, 0, 1, 0, 1, 0, -0.0487425, 0.0114534, 0.0593778)
constraints/8/kusudama_orientation = Transform3D(-0.993677, -0.110634, -0.0191303, 0.0191302, -0.334729, 0.942121, -0.110634, 0.935798, 0.334728, -0.117362, -0.0177341, 0.0409326)
constraints/8/bone_direction = Transform3D(0.99368, -0.0101598, 0.11179, -0.0191409, -0.996648, 0.0795614, 0.110607, -0.0811978, -0.990542, -0.117362, -0.0177341, 0.0409326)
constraints/9/bone_name = &"Spine"
constraints/9/twist_from = 0.0
constraints/9/twist_range = 4.71239
constraints/9/twist_current = 0.0
constraints/9/kusudama_limit_cone_count = 1
constraints/9/kusudama_limit_cone/0/center = Vector3(0, 1, 0)
constraints/9/kusudama_limit_cone/0/radius = 0.0174533
constraints/9/kusudama_twist = Transform3D(1, 0, 0, 0, 1, 0, 0, 0, 1, 2.35367e-16, 0.755446, -0.010541)
constraints/9/kusudama_orientation = Transform3D(0.999982, 0.00402257, -0.004354, -0.00403259, 0.999989, -0.00229606, 0.00434472, 0.00231352, 0.999988, -0.0516883, 0.754518, -0.0196451)
constraints/9/bone_direction = Transform3D(0.999948, -0.00915042, -0.00453472, 0.00916088, 0.999955, 0.00229148, 0.00451355, -0.00233293, 0.999987, -0.0516883, 0.754518, -0.0196451)
constraints/10/bone_name = &"Spine1"
constraints/10/twist_from = 0.0
constraints/10/twist_range = 4.71239
constraints/10/twist_current = 0.0
constraints/10/kusudama_limit_cone_count = 0
constraints/10/kusudama_twist = Transform3D(1, 0, 0, 0, 1, 0, 0, 0, 1, -1.09107e-08, 0.822257, -0.01048)
constraints/10/kusudama_orientation = Transform3D(0.999948, -0.00915472, -0.00452636, 0.00916104, 0.999957, 0.0013785, 0.00451355, -0.00141993, 0.999989, -0.0522996, 0.821332, -0.019679)
constraints/10/bone_direction = Transform3D(0.999292, -0.0374805, 0.00321044, 0.0371912, 0.971541, -0.233933, 0.00564884, 0.233887, 0.972248, -0.0522996, 0.821332, -0.019679)
constraints/11/bone_name = &"Chest"
constraints/11/twist_from = 0.0
constraints/11/twist_range = 4.71239
constraints/11/twist_current = 0.0
constraints/11/kusudama_limit_cone_count = 1
constraints/11/kusudama_limit_cone/0/center = Vector3(0, 1, 0)
constraints/11/kusudama_limit_cone/0/radius = 0.0872665
constraints/11/kusudama_twist = Transform3D(1, 0, 0, 0, 1, 0, 0, 0, 1, -5.6124e-08, 0.910321, -0.0197794)
constraints/11/kusudama_orientation = Transform3D(0.999292, -0.0376109, -0.000743258, 0.0371917, 0.990736, -0.130615, 0.00564893, 0.130495, 0.991433, -0.055606, 0.909803, -0.0174056)
constraints/11/bone_direction = Transform3D(0.999269, -0.0380807, 0.00351752, 0.0379431, 0.975741, -0.215617, 0.00477867, 0.215593, 0.976472, -0.055606, 0.909803, -0.0174056)
constraints/12/bone_name = &"LeftCord1"
constraints/12/twist_from = 0.0
constraints/12/twist_range = 4.71239
constraints/12/twist_current = null
constraints/12/kusudama_limit_cone_count = 0
constraints/12/kusudama_twist = Transform3D(1, 0, 0, 0, 1, 0, 0, 0, 1, 0, 0, 0)
constraints/12/kusudama_orientation = Transform3D(1, 0, 0, 0, 1, 0, 0, 0, 1, 0, 0, 0)
constraints/12/bone_direction = Transform3D(1, 0, 0, 0, 1, 0, 0, 0, 1, 0, 0, 0)
constraints/13/bone_name = &"LeftCord2"
constraints/13/twist_from = 0.0
constraints/13/twist_range = 4.71239
constraints/13/twist_current = null
constraints/13/kusudama_limit_cone_count = 0
constraints/13/kusudama_twist = Transform3D(1, 0, 0, 0, 1, 0, 0, 0, 1, 0, 0, 0)
constraints/13/kusudama_orientation = Transform3D(1, 0, 0, 0, 1, 0, 0, 0, 1, 0, 0, 0)
constraints/13/bone_direction = Transform3D(1, 0, 0, 0, 1, 0, 0, 0, 1, 0, 0, 0)
constraints/14/bone_name = &"LeftCord3"
constraints/14/twist_from = 0.0
constraints/14/twist_range = 4.71239
constraints/14/twist_current = null
constraints/14/kusudama_limit_cone_count = 0
constraints/14/kusudama_twist = Transform3D(1, 0, 0, 0, 1, 0, 0, 0, 1, 0, 0, 0)
constraints/14/kusudama_orientation = Transform3D(1, 0, 0, 0, 1, 0, 0, 0, 1, 0, 0, 0)
constraints/14/bone_direction = Transform3D(1, 0, 0, 0, 1, 0, 0, 0, 1, 0, 0, 0)
constraints/15/bone_name = &"LeftShoulder"
constraints/15/twist_from = 0.0
constraints/15/twist_range = 4.71239
constraints/15/twist_current = 0.0
constraints/15/kusudama_limit_cone_count = 1
constraints/15/kusudama_limit_cone/0/center = Vector3(1, 0, 0)
constraints/15/kusudama_limit_cone/0/radius = 0.523599
constraints/15/kusudama_twist = Transform3D(1, 0, 0, 0, 1, 0, 0, 0, 1, 0.0299999, 1.00097, -0.0377453)
constraints/15/kusudama_orientation = Transform3D(0.999269, -0.0379391, -0.00481518, 0.0379437, 0.99928, 0.000868917, 0.00477874, -0.00105117, 0.999989, -0.0289712, 1.00141, -0.0353277)
constraints/15/bone_direction = Transform3D(0.00217232, 0.999906, -0.0136145, 0.00102866, 0.0136123, 0.999909, 0.999998, -0.00218613, -0.000999375, -0.0289712, 1.00141, -0.0353277)
constraints/16/bone_name = &"LeftUpperArm"
constraints/16/twist_from = 0.0
constraints/16/twist_range = 4.71239
constraints/16/twist_current = 0.0
constraints/16/kusudama_limit_cone_count = 1
constraints/16/kusudama_limit_cone/0/center = Vector3(0, 1, 0)
constraints/16/kusudama_limit_cone/0/radius = 0.0174533
constraints/16/kusudama_twist = Transform3D(0, 1, 0, 0, 0, 1, 1, 0, 0, 0.0911541, 1.00097, -0.0377453)
constraints/16/kusudama_orientation = Transform3D(0.00217262, 0.999906, -0.0136145, 0.00102866, 0.0136123, 0.999909, 0.999998, -0.00218643, -0.000999375, 0.0321907, 1.00229, -0.035461)
constraints/16/bone_direction = Transform3D(-0.00496982, 0.999967, 0.00646504, -0.000935753, 0.00646045, -0.999981, -0.999988, -0.00497577, 0.00090427, 0.0321907, 1.00229, -0.035461)
constraints/17/bone_name = &"LeftLowerArm"
constraints/17/twist_from = 0.0
constraints/17/twist_range = 4.71239
constraints/17/twist_current = 0.0
constraints/17/kusudama_limit_cone_count = 3
constraints/17/kusudama_limit_cone/0/center = Vector3(0, 1, 0)
constraints/17/kusudama_limit_cone/0/radius = 0.0174533
constraints/17/kusudama_limit_cone/1/center = Vector3(-1, 0, 0)
constraints/17/kusudama_limit_cone/1/radius = 0.349066
constraints/17/kusudama_limit_cone/2/center = Vector3(0, -1, 0)
constraints/17/kusudama_limit_cone/2/radius = 0.349066
constraints/17/kusudama_twist = Transform3D(0, 1, 0, 0, 0, -1, -1, 0, 0, 0.251153, 1.00052, -0.0378541)
constraints/17/kusudama_orientation = Transform3D(-0.00564966, 0.999978, 0.00361229, -0.000939175, 0.00360701, -0.999996, -0.999985, -0.00565303, 0.000919431, 0.192218, 1.00248, -0.0364739)
constraints/17/bone_direction = Transform3D(-0.00786323, 0.999931, 0.00869768, -0.999972, -0.00786981, 0.000710455, 0.00077987, -0.00869184, 0.999963, 0.192218, 1.00248, -0.0364739)
constraints/18/bone_name = &"LeftHand"
constraints/18/twist_from = 0.0
constraints/18/twist_range = 4.71239
constraints/18/twist_current = 0.0
constraints/18/kusudama_limit_cone_count = 1
constraints/18/kusudama_limit_cone/0/center = Vector3(0, 1, 0)
constraints/18/kusudama_limit_cone/0/radius = 0.349066
constraints/18/kusudama_twist = Transform3D(0, 1, 0, -1, 0, 0, 0, 0, 1, 0.401153, 1.00009, -0.0379312)
constraints/18/kusudama_orientation = Transform3D(-0.0107256, 0.9999, 0.00921203, -0.999946, -0.0107327, 0.000705671, 0.000805484, -0.00920394, 0.999959, 0.342244, 1.00009, -0.0379316)
constraints/18/bone_direction = Transform3D(-1.37836e-07, 0.999997, -5.61226e-07, 6.35162e-07, -7.14408e-07, -1, -1, -1.47149e-07, 8.59087e-07, 0.342244, 1.00009, -0.0379316)
constraints/19/bone_name = &"LeftIndexProximal"
constraints/19/twist_from = 0.0
constraints/19/twist_range = 4.71239
constraints/19/twist_current = null
constraints/19/kusudama_limit_cone_count = 0
constraints/19/kusudama_twist = Transform3D(1, 0, 0, 0, 1, 0, 0, 0, 1, 0, 0, 0)
constraints/19/kusudama_orientation = Transform3D(1, 0, 0, 0, 1, 0, 0, 0, 1, 0, 0, 0)
constraints/19/bone_direction = Transform3D(1, 0, 0, 0, 1, 0, 0, 0, 1, 0, 0, 0)
constraints/20/bone_name = &"LeftIndexIntermediate"
constraints/20/twist_from = 0.0
constraints/20/twist_range = 4.71239
constraints/20/twist_current = null
constraints/20/kusudama_limit_cone_count = 0
constraints/20/kusudama_twist = Transform3D(1, 0, 0, 0, 1, 0, 0, 0, 1, 0, 0, 0)
constraints/20/kusudama_orientation = Transform3D(1, 0, 0, 0, 1, 0, 0, 0, 1, 0, 0, 0)
constraints/20/bone_direction = Transform3D(1, 0, 0, 0, 1, 0, 0, 0, 1, 0, 0, 0)
constraints/21/bone_name = &"LeftIndexDistal"
constraints/21/twist_from = 0.0
constraints/21/twist_range = 4.71239
constraints/21/twist_current = null
constraints/21/kusudama_limit_cone_count = 0
constraints/21/kusudama_twist = Transform3D(1, 0, 0, 0, 1, 0, 0, 0, 1, 0, 0, 0)
constraints/21/kusudama_orientation = Transform3D(1, 0, 0, 0, 1, 0, 0, 0, 1, 0, 0, 0)
constraints/21/bone_direction = Transform3D(1, 0, 0, 0, 1, 0, 0, 0, 1, 0, 0, 0)
constraints/22/bone_name = &"LeftHandIndex4"
constraints/22/twist_from = 0.0
constraints/22/twist_range = 4.71239
constraints/22/twist_current = null
constraints/22/kusudama_limit_cone_count = 0
constraints/22/kusudama_twist = Transform3D(1, 0, 0, 0, 1, 0, 0, 0, 1, 0, 0, 0)
constraints/22/kusudama_orientation = Transform3D(1, 0, 0, 0, 1, 0, 0, 0, 1, 0, 0, 0)
constraints/22/bone_direction = Transform3D(1, 0, 0, 0, 1, 0, 0, 0, 1, 0, 0, 0)
constraints/23/bone_name = &"LeftMiddleProximal"
constraints/23/twist_from = 0.0
constraints/23/twist_range = 4.71239
constraints/23/twist_current = null
constraints/23/kusudama_limit_cone_count = 0
constraints/23/kusudama_twist = Transform3D(1, 0, 0, 0, 1, 0, 0, 0, 1, 0, 0, 0)
constraints/23/kusudama_orientation = Transform3D(1, 0, 0, 0, 1, 0, 0, 0, 1, 0, 0, 0)
constraints/23/bone_direction = Transform3D(1, 0, 0, 0, 1, 0, 0, 0, 1, 0, 0, 0)
constraints/24/bone_name = &"LeftMiddleIntermediate"
constraints/24/twist_from = 0.0
constraints/24/twist_range = 4.71239
constraints/24/twist_current = null
constraints/24/kusudama_limit_cone_count = 0
constraints/24/kusudama_twist = Transform3D(1, 0, 0, 0, 1, 0, 0, 0, 1, 0, 0, 0)
constraints/24/kusudama_orientation = Transform3D(1, 0, 0, 0, 1, 0, 0, 0, 1, 0, 0, 0)
constraints/24/bone_direction = Transform3D(1, 0, 0, 0, 1, 0, 0, 0, 1, 0, 0, 0)
constraints/25/bone_name = &"LeftMiddleDistal"
constraints/25/twist_from = 0.0
constraints/25/twist_range = 4.71239
constraints/25/twist_current = null
constraints/25/kusudama_limit_cone_count = 0
constraints/25/kusudama_twist = Transform3D(1, 0, 0, 0, 1, 0, 0, 0, 1, 0, 0, 0)
constraints/25/kusudama_orientation = Transform3D(1, 0, 0, 0, 1, 0, 0, 0, 1, 0, 0, 0)
constraints/25/bone_direction = Transform3D(1, 0, 0, 0, 1, 0, 0, 0, 1, 0, 0, 0)
constraints/26/bone_name = &"LeftHandMiddle4"
constraints/26/twist_from = 0.0
constraints/26/twist_range = 4.71239
constraints/26/twist_current = null
constraints/26/kusudama_limit_cone_count = 0
constraints/26/kusudama_twist = Transform3D(1, 0, 0, 0, 1, 0, 0, 0, 1, 0, 0, 0)
constraints/26/kusudama_orientation = Transform3D(1, 0, 0, 0, 1, 0, 0, 0, 1, 0, 0, 0)
constraints/26/bone_direction = Transform3D(1, 0, 0, 0, 1, 0, 0, 0, 1, 0, 0, 0)
constraints/27/bone_name = &"LeftLittleProximal"
constraints/27/twist_from = 0.0
constraints/27/twist_range = 4.71239
constraints/27/twist_current = null
constraints/27/kusudama_limit_cone_count = 0
constraints/27/kusudama_twist = Transform3D(1, 0, 0, 0, 1, 0, 0, 0, 1, 0, 0, 0)
constraints/27/kusudama_orientation = Transform3D(1, 0, 0, 0, 1, 0, 0, 0, 1, 0, 0, 0)
constraints/27/bone_direction = Transform3D(1, 0, 0, 0, 1, 0, 0, 0, 1, 0, 0, 0)
constraints/28/bone_name = &"LeftLittleIntermediate"
constraints/28/twist_from = 0.0
constraints/28/twist_range = 4.71239
constraints/28/twist_current = null
constraints/28/kusudama_limit_cone_count = 0
constraints/28/kusudama_twist = Transform3D(1, 0, 0, 0, 1, 0, 0, 0, 1, 0, 0, 0)
constraints/28/kusudama_orientation = Transform3D(1, 0, 0, 0, 1, 0, 0, 0, 1, 0, 0, 0)
constraints/28/bone_direction = Transform3D(1, 0, 0, 0, 1, 0, 0, 0, 1, 0, 0, 0)
constraints/29/bone_name = &"LeftLittleDistal"
constraints/29/twist_from = 0.0
constraints/29/twist_range = 4.71239
constraints/29/twist_current = null
constraints/29/kusudama_limit_cone_count = 0
constraints/29/kusudama_twist = Transform3D(1, 0, 0, 0, 1, 0, 0, 0, 1, 0, 0, 0)
constraints/29/kusudama_orientation = Transform3D(1, 0, 0, 0, 1, 0, 0, 0, 1, 0, 0, 0)
constraints/29/bone_direction = Transform3D(1, 0, 0, 0, 1, 0, 0, 0, 1, 0, 0, 0)
constraints/30/bone_name = &"LeftHandPinky4"
constraints/30/twist_from = 0.0
constraints/30/twist_range = 4.71239
constraints/30/twist_current = null
constraints/30/kusudama_limit_cone_count = 0
constraints/30/kusudama_twist = Transform3D(1, 0, 0, 0, 1, 0, 0, 0, 1, 0, 0, 0)
constraints/30/kusudama_orientation = Transform3D(1, 0, 0, 0, 1, 0, 0, 0, 1, 0, 0, 0)
constraints/30/bone_direction = Transform3D(1, 0, 0, 0, 1, 0, 0, 0, 1, 0, 0, 0)
constraints/31/bone_name = &"LeftRingProximal"
constraints/31/twist_from = 0.0
constraints/31/twist_range = 4.71239
constraints/31/twist_current = null
constraints/31/kusudama_limit_cone_count = 0
constraints/31/kusudama_twist = Transform3D(1, 0, 0, 0, 1, 0, 0, 0, 1, 0, 0, 0)
constraints/31/kusudama_orientation = Transform3D(1, 0, 0, 0, 1, 0, 0, 0, 1, 0, 0, 0)
constraints/31/bone_direction = Transform3D(1, 0, 0, 0, 1, 0, 0, 0, 1, 0, 0, 0)
constraints/32/bone_name = &"LeftRingIntermediate"
constraints/32/twist_from = 0.0
constraints/32/twist_range = 4.71239
constraints/32/twist_current = null
constraints/32/kusudama_limit_cone_count = 0
constraints/32/kusudama_twist = Transform3D(1, 0, 0, 0, 1, 0, 0, 0, 1, 0, 0, 0)
constraints/32/kusudama_orientation = Transform3D(1, 0, 0, 0, 1, 0, 0, 0, 1, 0, 0, 0)
constraints/32/bone_direction = Transform3D(1, 0, 0, 0, 1, 0, 0, 0, 1, 0, 0, 0)
constraints/33/bone_name = &"LeftRingDistal"
constraints/33/twist_from = 0.0
constraints/33/twist_range = 4.71239
constraints/33/twist_current = null
constraints/33/kusudama_limit_cone_count = 0
constraints/33/kusudama_twist = Transform3D(1, 0, 0, 0, 1, 0, 0, 0, 1, 0, 0, 0)
constraints/33/kusudama_orientation = Transform3D(1, 0, 0, 0, 1, 0, 0, 0, 1, 0, 0, 0)
constraints/33/bone_direction = Transform3D(1, 0, 0, 0, 1, 0, 0, 0, 1, 0, 0, 0)
constraints/34/bone_name = &"LeftHandRing4"
constraints/34/twist_from = 0.0
constraints/34/twist_range = 4.71239
constraints/34/twist_current = null
constraints/34/kusudama_limit_cone_count = 0
constraints/34/kusudama_twist = Transform3D(1, 0, 0, 0, 1, 0, 0, 0, 1, 0, 0, 0)
constraints/34/kusudama_orientation = Transform3D(1, 0, 0, 0, 1, 0, 0, 0, 1, 0, 0, 0)
constraints/34/bone_direction = Transform3D(1, 0, 0, 0, 1, 0, 0, 0, 1, 0, 0, 0)
constraints/35/bone_name = &"LeftThumbMetacarpal"
constraints/35/twist_from = 0.0
constraints/35/twist_range = 4.71239
constraints/35/twist_current = null
constraints/35/kusudama_limit_cone_count = 0
constraints/35/kusudama_twist = Transform3D(1, 0, 0, 0, 1, 0, 0, 0, 1, 0, 0, 0)
constraints/35/kusudama_orientation = Transform3D(1, 0, 0, 0, 1, 0, 0, 0, 1, 0, 0, 0)
constraints/35/bone_direction = Transform3D(1, 0, 0, 0, 1, 0, 0, 0, 1, 0, 0, 0)
constraints/36/bone_name = &"LeftThumbProximal"
constraints/36/twist_from = 0.0
constraints/36/twist_range = 4.71239
constraints/36/twist_current = null
constraints/36/kusudama_limit_cone_count = 0
constraints/36/kusudama_twist = Transform3D(1, 0, 0, 0, 1, 0, 0, 0, 1, 0, 0, 0)
constraints/36/kusudama_orientation = Transform3D(1, 0, 0, 0, 1, 0, 0, 0, 1, 0, 0, 0)
constraints/36/bone_direction = Transform3D(1, 0, 0, 0, 1, 0, 0, 0, 1, 0, 0, 0)
constraints/37/bone_name = &"LeftThumbDistal"
constraints/37/twist_from = 0.0
constraints/37/twist_range = 4.71239
constraints/37/twist_current = null
constraints/37/kusudama_limit_cone_count = 0
constraints/37/kusudama_twist = Transform3D(1, 0, 0, 0, 1, 0, 0, 0, 1, 0, 0, 0)
constraints/37/kusudama_orientation = Transform3D(1, 0, 0, 0, 1, 0, 0, 0, 1, 0, 0, 0)
constraints/37/bone_direction = Transform3D(1, 0, 0, 0, 1, 0, 0, 0, 1, 0, 0, 0)
constraints/38/bone_name = &"LeftHandThumb4"
constraints/38/twist_from = 0.0
constraints/38/twist_range = 4.71239
constraints/38/twist_current = null
constraints/38/kusudama_limit_cone_count = 0
constraints/38/kusudama_twist = Transform3D(1, 0, 0, 0, 1, 0, 0, 0, 1, 0, 0, 0)
constraints/38/kusudama_orientation = Transform3D(1, 0, 0, 0, 1, 0, 0, 0, 1, 0, 0, 0)
constraints/38/bone_direction = Transform3D(1, 0, 0, 0, 1, 0, 0, 0, 1, 0, 0, 0)
constraints/39/bone_name = &"Neck"
constraints/39/twist_from = 0.0
constraints/39/twist_range = 4.71239
constraints/39/twist_current = 0.0
constraints/39/kusudama_limit_cone_count = 1
constraints/39/kusudama_limit_cone/0/center = Vector3(0, 1, 0)
constraints/39/kusudama_limit_cone/0/radius = 0.872665
constraints/39/kusudama_twist = Transform3D(1, 0, 0, 0, 1, 0, 0, 0, 1, -1.28106e-07, 1.03356, -0.0514217)
constraints/39/kusudama_orientation = Transform3D(0.999269, -0.0379391, -0.00481518, 0.0379437, 0.99928, 0.000868917, 0.00477874, -0.00105117, 0.999989, -0.0601292, 1.03294, -0.0491855)
constraints/39/bone_direction = Transform3D(0.999752, 0.0189868, 0.0116771, -0.0218257, 0.940238, 0.339822, -0.00452714, -0.339992, 0.940418, -0.0601292, 1.03294, -0.0491855)
constraints/40/bone_name = &"Head"
constraints/40/twist_from = 0.0
constraints/40/twist_range = 4.71239
constraints/40/twist_current = 0.0
constraints/40/kusudama_limit_cone_count = 1
constraints/40/kusudama_limit_cone/0/center = Vector3(0, 1, 0)
constraints/40/kusudama_limit_cone/0/radius = 0.174533
constraints/40/kusudama_twist = Transform3D(1, 0, 0, 0, 1, 0, 0, 0, 1, -1.2489e-07, 1.08301, -0.0360208)
constraints/40/kusudama_orientation = Transform3D(0.999752, 0.0216003, 0.00550313, -0.0218258, 0.998756, 0.0448673, -0.00452712, -0.0449766, 0.998979, -0.0589775, 1.08301, -0.03602)
constraints/40/bone_direction = Transform3D(1, 3.26836e-08, -1.53668e-08, -7.19447e-08, 1, -4.58211e-07, 1.49012e-08, -2.12342e-07, 1, -0.0589775, 1.08301, -0.03602)
constraints/41/bone_name = &"LeftEye"
constraints/41/twist_from = 0.0
constraints/41/twist_range = 4.71239
constraints/41/twist_current = null
constraints/41/kusudama_limit_cone_count = 0
constraints/41/kusudama_twist = Transform3D(1, 0, 0, 0, 1, 0, 0, 0, 1, 0, 0, 0)
constraints/41/kusudama_orientation = Transform3D(1, 0, 0, 0, 1, 0, 0, 0, 1, 0, 0, 0)
constraints/41/bone_direction = Transform3D(1, 0, 0, 0, 1, 0, 0, 0, 1, 0, 0, 0)
constraints/42/bone_name = &"LeftHair_A_1_1"
constraints/42/twist_from = 0.0
constraints/42/twist_range = 4.71239
constraints/42/twist_current = null
constraints/42/kusudama_limit_cone_count = 0
constraints/42/kusudama_twist = Transform3D(1, 0, 0, 0, 1, 0, 0, 0, 1, 0, 0, 0)
constraints/42/kusudama_orientation = Transform3D(1, 0, 0, 0, 1, 0, 0, 0, 1, 0, 0, 0)
constraints/42/bone_direction = Transform3D(1, 0, 0, 0, 1, 0, 0, 0, 1, 0, 0, 0)
constraints/43/bone_name = &"LeftHair_A_1_2"
constraints/43/twist_from = 0.0
constraints/43/twist_range = 4.71239
constraints/43/twist_current = null
constraints/43/kusudama_limit_cone_count = 0
constraints/43/kusudama_twist = Transform3D(1, 0, 0, 0, 1, 0, 0, 0, 1, 0, 0, 0)
constraints/43/kusudama_orientation = Transform3D(1, 0, 0, 0, 1, 0, 0, 0, 1, 0, 0, 0)
constraints/43/bone_direction = Transform3D(1, 0, 0, 0, 1, 0, 0, 0, 1, 0, 0, 0)
constraints/44/bone_name = &"LeftHair_A_1_3"
constraints/44/twist_from = 0.0
constraints/44/twist_range = 4.71239
constraints/44/twist_current = null
constraints/44/kusudama_limit_cone_count = 0
constraints/44/kusudama_twist = Transform3D(1, 0, 0, 0, 1, 0, 0, 0, 1, 0, 0, 0)
constraints/44/kusudama_orientation = Transform3D(1, 0, 0, 0, 1, 0, 0, 0, 1, 0, 0, 0)
constraints/44/bone_direction = Transform3D(1, 0, 0, 0, 1, 0, 0, 0, 1, 0, 0, 0)
constraints/45/bone_name = &"LeftHair_A_2_1"
constraints/45/twist_from = 0.0
constraints/45/twist_range = 4.71239
constraints/45/twist_current = null
constraints/45/kusudama_limit_cone_count = 0
constraints/45/kusudama_twist = Transform3D(1, 0, 0, 0, 1, 0, 0, 0, 1, 0, 0, 0)
constraints/45/kusudama_orientation = Transform3D(1, 0, 0, 0, 1, 0, 0, 0, 1, 0, 0, 0)
constraints/45/bone_direction = Transform3D(1, 0, 0, 0, 1, 0, 0, 0, 1, 0, 0, 0)
constraints/46/bone_name = &"LeftHair_A_2_2"
constraints/46/twist_from = 0.0
constraints/46/twist_range = 4.71239
constraints/46/twist_current = null
constraints/46/kusudama_limit_cone_count = 0
constraints/46/kusudama_twist = Transform3D(1, 0, 0, 0, 1, 0, 0, 0, 1, 0, 0, 0)
constraints/46/kusudama_orientation = Transform3D(1, 0, 0, 0, 1, 0, 0, 0, 1, 0, 0, 0)
constraints/46/bone_direction = Transform3D(1, 0, 0, 0, 1, 0, 0, 0, 1, 0, 0, 0)
constraints/47/bone_name = &"LeftHair_A_3_1"
constraints/47/twist_from = 0.0
constraints/47/twist_range = 4.71239
constraints/47/twist_current = null
constraints/47/kusudama_limit_cone_count = 0
constraints/47/kusudama_twist = Transform3D(1, 0, 0, 0, 1, 0, 0, 0, 1, 0, 0, 0)
constraints/47/kusudama_orientation = Transform3D(1, 0, 0, 0, 1, 0, 0, 0, 1, 0, 0, 0)
constraints/47/bone_direction = Transform3D(1, 0, 0, 0, 1, 0, 0, 0, 1, 0, 0, 0)
constraints/48/bone_name = &"LeftHair_A_3_2"
constraints/48/twist_from = 0.0
constraints/48/twist_range = 4.71239
constraints/48/twist_current = null
constraints/48/kusudama_limit_cone_count = 0
constraints/48/kusudama_twist = Transform3D(1, 0, 0, 0, 1, 0, 0, 0, 1, 0, 0, 0)
constraints/48/kusudama_orientation = Transform3D(1, 0, 0, 0, 1, 0, 0, 0, 1, 0, 0, 0)
constraints/48/bone_direction = Transform3D(1, 0, 0, 0, 1, 0, 0, 0, 1, 0, 0, 0)
constraints/49/bone_name = &"LeftHair_B_1_1"
constraints/49/twist_from = 0.0
constraints/49/twist_range = 4.71239
constraints/49/twist_current = null
constraints/49/kusudama_limit_cone_count = 0
constraints/49/kusudama_twist = Transform3D(1, 0, 0, 0, 1, 0, 0, 0, 1, 0, 0, 0)
constraints/49/kusudama_orientation = Transform3D(1, 0, 0, 0, 1, 0, 0, 0, 1, 0, 0, 0)
constraints/49/bone_direction = Transform3D(1, 0, 0, 0, 1, 0, 0, 0, 1, 0, 0, 0)
constraints/50/bone_name = &"LeftHair_B_1_2"
constraints/50/twist_from = 0.0
constraints/50/twist_range = 4.71239
constraints/50/twist_current = null
constraints/50/kusudama_limit_cone_count = 0
constraints/50/kusudama_twist = Transform3D(1, 0, 0, 0, 1, 0, 0, 0, 1, 0, 0, 0)
constraints/50/kusudama_orientation = Transform3D(1, 0, 0, 0, 1, 0, 0, 0, 1, 0, 0, 0)
