[gd_scene load_steps=2 format=3 uid="uid://bkkoxq2l47ndk"]

[ext_resource type="PackedScene" uid="uid://bfc6nbf2x6c7o" path="res://SK_liqu/art/SK_liqu/Liqu.vrm" id="1_qqot0"]

[node name="Liqu" instance=ExtResource("1_qqot0")]
update_in_editor = true

[node name="GeneralSkeleton" parent="Armature" index="0"]
bones/0/position = Vector3(-3.72529e-08, 0.721554, -0.0104506)
bones/0/rotation = Quaternion(0.98447, 0.00804103, 0.00291624, -0.175346)
bones/0/scale = Vector3(1, 1, 1)
bones/1/position = Vector3(0.0600005, -0.0434662, -0.00999902)
bones/1/rotation = Quaternion(-0.0138202, 0.00751714, 0.999853, 0.00677367)
bones/1/scale = Vector3(1, 1, 1)
bones/2/position = Vector3(0.0087648, 0.298984, 0.0114142)
bones/2/rotation = Quaternion(0.0161543, 0.998596, -0.0199853, 0.0463207)
bones/2/scale = Vector3(1, 1, 0.999999)
bones/3/position = Vector3(-0.0135656, 0.334319, 0.0250822)
bones/3/rotation = Quaternion(0.047065, 0.820918, -0.569089, -0.00404696)
bones/3/scale = Vector3(1, 1, 1)
bones/4/position = Vector3(-0.011063, 0.0936081, -0.0334722)
bones/4/rotation = Quaternion(-2.04093e-05, 0.793351, -0.608765, 9.56815e-06)
bones/4/scale = Vector3(0.999999, 0.999999, 0.999999)
bones/5/position = Vector3(-0.0600055, -0.0434822, -0.00999916)
bones/5/rotation = Quaternion(0.00740546, 0.00655389, 0.999474, 0.0308868)
bones/5/scale = Vector3(1, 1, 1)
bones/6/position = Vector3(-0.00876439, 0.299041, 0.0114147)
bones/6/rotation = Quaternion(-0.0228539, 0.998806, -0.0191925, -0.0386863)
bones/6/scale = Vector3(1, 1, 0.999999)
bones/7/position = Vector3(0.0135676, 0.334261, 0.0250782)
bones/7/rotation = Quaternion(-0.0101938, 0.824065, -0.566006, -0.0212037)
bones/7/scale = Vector3(1, 0.999999, 0.999999)
bones/8/position = Vector3(0.0110633, 0.0935781, -0.0334868)
bones/8/rotation = Quaternion(4.1289e-06, 0.79331, -0.608818, 8.64147e-06)
bones/8/scale = Vector3(0.999999, 0.999999, 0.999999)
bones/9/position = Vector3(1.84402e-07, 0.033806, 1.83284e-06)
bones/9/rotation = Quaternion(0.00195767, -0.000370788, -0.00620086, 0.999979)
bones/9/scale = Vector3(1, 1, 1)
bones/10/position = Vector3(8.28877e-08, 0.0667938, 6.09122e-05)
bones/10/rotation = Quaternion(0.162856, -0.0271159, 0.099382, 0.981257)
bones/10/scale = Vector3(1, 1, 1)
bones/11/position = Vector3(-1.3411e-07, 0.0880942, -0.00930241)
bones/11/rotation = Quaternion(-0.0826882, 0.0888238, 0.040356, 0.991789)
bones/11/scale = Vector3(1, 1, 1)
bones/15/position = Vector3(0.030001, 0.0903645, -0.0179695)
bones/15/rotation = Quaternion(0.546602, 0.448903, 0.583172, -0.399528)
bones/15/scale = Vector3(0.999999, 1, 0.999999)
bones/16/position = Vector3(9.53674e-07, 0.0611622, 0.000265718)
bones/16/rotation = Quaternion(0.00876842, 0.965271, -0.00125795, 0.2611)
bones/16/scale = Vector3(0.999999, 1, 0.999999)
bones/17/position = Vector3(0.000108451, 0.160085, 0.000596166)
bones/17/rotation = Quaternion(0.0064119, -0.652326, 0.00388842, 0.757902)
bones/17/scale = Vector3(0.999997, 1, 0.999998)
bones/18/position = Vector3(0.000473797, 0.150069, -7.7486e-05)
bones/18/rotation = Quaternion(-0.00714409, 0.803153, -9.67907e-05, 0.595731)
bones/18/scale = Vector3(0.999997, 1, 0.999996)
bones/39/position = Vector3(-1.69873e-06, 0.123287, -0.0316509)
bones/39/rotation = Quaternion(-0.0357067, 0.364838, -0.0697441, 0.927768)
bones/39/scale = Vector3(0.999999, 0.999999, 0.999999)
bones/40/position = Vector3(-2.23517e-07, 0.0494753, 0.0154044)
bones/40/rotation = Quaternion(0.0415221, -0.402958, -0.0766294, 0.911059)
bones/40/scale = Vector3(1, 0.999999, 0.999999)
bones/106/position = Vector3(-0.0300006, 0.0906591, -0.0179697)
bones/106/rotation = Quaternion(-0.499674, 0.494936, 0.35834, 0.613968)
bones/106/scale = Vector3(0.999999, 1, 0.999999)
bones/107/position = Vector3(-1.19209e-07, 0.0611636, 0.000178456)
bones/107/rotation = Quaternion(0.00762341, 0.988963, 0.00302956, -0.147933)
bones/107/scale = Vector3(0.999999, 1, 0.999999)
bones/108/position = Vector3(-0.000109464, 0.160093, 0.000647902)
bones/108/rotation = Quaternion(0.132364, 0.660783, -0.144778, 0.724489)
bones/108/scale = Vector3(0.999997, 1, 0.999998)
bones/109/position = Vector3(-0.000439107, 0.150041, -7.82087e-05)
bones/109/rotation = Quaternion(-0.0533303, -0.735608, 0.102108, 0.667541)
bones/109/scale = Vector3(0.999998, 1, 0.999996)
bones/134/position = Vector3(0.0300014, 1.38272, -0.328938)
bones/134/rotation = Quaternion(0.980154, 0.00119893, 0.0016321, 0.198226)

[node name="ManyBoneIK3D" type="ManyBoneIK3D" parent="." index="5"]
skeleton_node_path = NodePath("../Armature/GeneralSkeleton")
bone_count = 135
bone/0/bone_name = null
bone/0/damp = 3.14159
bone/1/bone_name = null
bone/1/damp = 3.14159
bone/2/bone_name = null
bone/2/damp = 3.14159
bone/3/bone_name = null
bone/3/damp = 3.14159
bone/4/bone_name = null
bone/4/damp = 3.14159
bone/5/bone_name = null
bone/5/damp = 3.14159
bone/6/bone_name = null
bone/6/damp = 3.14159
bone/7/bone_name = null
bone/7/damp = 3.14159
bone/8/bone_name = null
bone/8/damp = 3.14159
bone/9/bone_name = null
bone/9/damp = 3.14159
bone/10/bone_name = null
bone/10/damp = 3.14159
bone/11/bone_name = null
bone/11/damp = 3.14159
bone/12/bone_name = null
bone/12/damp = 3.14159
bone/13/bone_name = null
bone/13/damp = 3.14159
bone/14/bone_name = null
bone/14/damp = 3.14159
bone/15/bone_name = null
bone/15/damp = 3.14159
bone/16/bone_name = null
bone/16/damp = 3.14159
bone/17/bone_name = null
bone/17/damp = 3.14159
bone/18/bone_name = null
bone/18/damp = 3.14159
bone/19/bone_name = null
bone/19/damp = 3.14159
bone/20/bone_name = null
bone/20/damp = 3.14159
bone/21/bone_name = null
bone/21/damp = 3.14159
bone/22/bone_name = null
bone/22/damp = 3.14159
bone/23/bone_name = null
bone/23/damp = 3.14159
bone/24/bone_name = null
bone/24/damp = 3.14159
bone/25/bone_name = null
bone/25/damp = 3.14159
bone/26/bone_name = null
bone/26/damp = 3.14159
bone/27/bone_name = null
bone/27/damp = 3.14159
bone/28/bone_name = null
bone/28/damp = 3.14159
bone/29/bone_name = null
bone/29/damp = 3.14159
bone/30/bone_name = null
bone/30/damp = 3.14159
bone/31/bone_name = null
bone/31/damp = 3.14159
bone/32/bone_name = null
bone/32/damp = 3.14159
bone/33/bone_name = null
bone/33/damp = 3.14159
bone/34/bone_name = null
bone/34/damp = 3.14159
bone/35/bone_name = null
bone/35/damp = 3.14159
bone/36/bone_name = null
bone/36/damp = 3.14159
bone/37/bone_name = null
bone/37/damp = 3.14159
bone/38/bone_name = null
bone/38/damp = 3.14159
bone/39/bone_name = null
bone/39/damp = 3.14159
bone/40/bone_name = null
bone/40/damp = 3.14159
bone/41/bone_name = null
bone/41/damp = 3.14159
bone/42/bone_name = null
bone/42/damp = 3.14159
bone/43/bone_name = null
bone/43/damp = 3.14159
bone/44/bone_name = null
bone/44/damp = 3.14159
bone/45/bone_name = null
bone/45/damp = 3.14159
bone/46/bone_name = null
bone/46/damp = 3.14159
bone/47/bone_name = null
bone/47/damp = 3.14159
bone/48/bone_name = null
bone/48/damp = 3.14159
bone/49/bone_name = null
bone/49/damp = 3.14159
bone/50/bone_name = null
bone/50/damp = 3.14159
bone/51/bone_name = null
bone/51/damp = 3.14159
bone/52/bone_name = null
bone/52/damp = 3.14159
bone/53/bone_name = null
bone/53/damp = 3.14159
bone/54/bone_name = null
bone/54/damp = 3.14159
bone/55/bone_name = null
bone/55/damp = 3.14159
bone/56/bone_name = null
bone/56/damp = 3.14159
bone/57/bone_name = null
bone/57/damp = 3.14159
bone/58/bone_name = null
bone/58/damp = 3.14159
bone/59/bone_name = null
bone/59/damp = 3.14159
bone/60/bone_name = null
bone/60/damp = 3.14159
bone/61/bone_name = null
bone/61/damp = 3.14159
bone/62/bone_name = null
bone/62/damp = 3.14159
bone/63/bone_name = null
bone/63/damp = 3.14159
bone/64/bone_name = null
bone/64/damp = 3.14159
bone/65/bone_name = null
bone/65/damp = 3.14159
bone/66/bone_name = null
bone/66/damp = 3.14159
bone/67/bone_name = null
bone/67/damp = 3.14159
bone/68/bone_name = null
bone/68/damp = 3.14159
bone/69/bone_name = null
bone/69/damp = 3.14159
bone/70/bone_name = null
bone/70/damp = 3.14159
bone/71/bone_name = null
bone/71/damp = 3.14159
bone/72/bone_name = null
bone/72/damp = 3.14159
bone/73/bone_name = null
bone/73/damp = 3.14159
bone/74/bone_name = null
bone/74/damp = 3.14159
bone/75/bone_name = null
bone/75/damp = 3.14159
bone/76/bone_name = null
bone/76/damp = 3.14159
bone/77/bone_name = null
bone/77/damp = 3.14159
bone/78/bone_name = null
bone/78/damp = 3.14159
bone/79/bone_name = null
bone/79/damp = 3.14159
bone/80/bone_name = null
bone/80/damp = 3.14159
bone/81/bone_name = null
bone/81/damp = 3.14159
bone/82/bone_name = null
bone/82/damp = 3.14159
bone/83/bone_name = null
bone/83/damp = 3.14159
bone/84/bone_name = null
bone/84/damp = 3.14159
bone/85/bone_name = null
bone/85/damp = 3.14159
bone/86/bone_name = null
bone/86/damp = 3.14159
bone/87/bone_name = null
bone/87/damp = 3.14159
bone/88/bone_name = null
bone/88/damp = 3.14159
bone/89/bone_name = null
bone/89/damp = 3.14159
bone/90/bone_name = null
bone/90/damp = 3.14159
bone/91/bone_name = null
bone/91/damp = 3.14159
bone/92/bone_name = null
bone/92/damp = 3.14159
bone/93/bone_name = null
bone/93/damp = 3.14159
bone/94/bone_name = null
bone/94/damp = 3.14159
bone/95/bone_name = null
bone/95/damp = 3.14159
bone/96/bone_name = null
bone/96/damp = 3.14159
bone/97/bone_name = null
bone/97/damp = 3.14159
bone/98/bone_name = null
bone/98/damp = 3.14159
bone/99/bone_name = null
bone/99/damp = 3.14159
bone/100/bone_name = null
bone/100/damp = 3.14159
bone/101/bone_name = null
bone/101/damp = 3.14159
bone/102/bone_name = null
bone/102/damp = 3.14159
bone/103/bone_name = null
bone/103/damp = 3.14159
bone/104/bone_name = null
bone/104/damp = 3.14159
bone/105/bone_name = null
bone/105/damp = 3.14159
bone/106/bone_name = null
bone/106/damp = 3.14159
bone/107/bone_name = null
bone/107/damp = 3.14159
bone/108/bone_name = null
bone/108/damp = 3.14159
bone/109/bone_name = null
bone/109/damp = 3.14159
bone/110/bone_name = null
bone/110/damp = 3.14159
bone/111/bone_name = null
bone/111/damp = 3.14159
bone/112/bone_name = null
bone/112/damp = 3.14159
bone/113/bone_name = null
bone/113/damp = 3.14159
bone/114/bone_name = null
bone/114/damp = 3.14159
bone/115/bone_name = null
bone/115/damp = 3.14159
bone/116/bone_name = null
bone/116/damp = 3.14159
bone/117/bone_name = null
bone/117/damp = 3.14159
bone/118/bone_name = null
bone/118/damp = 3.14159
bone/119/bone_name = null
bone/119/damp = 3.14159
bone/120/bone_name = null
bone/120/damp = 3.14159
bone/121/bone_name = null
bone/121/damp = 3.14159
bone/122/bone_name = null
bone/122/damp = 3.14159
bone/123/bone_name = null
bone/123/damp = 3.14159
bone/124/bone_name = null
bone/124/damp = 3.14159
bone/125/bone_name = null
bone/125/damp = 3.14159
bone/126/bone_name = null
bone/126/damp = 3.14159
bone/127/bone_name = null
bone/127/damp = 3.14159
bone/128/bone_name = null
bone/128/damp = 3.14159
bone/129/bone_name = null
bone/129/damp = 3.14159
bone/130/bone_name = null
bone/130/damp = 3.14159
bone/131/bone_name = null
bone/131/damp = 3.14159
bone/132/bone_name = null
bone/132/damp = 3.14159
bone/133/bone_name = null
bone/133/damp = 3.14159
bone/134/bone_name = null
bone/134/damp = 3.14159
constraint_count = 135
constraints/0/bone_name = &"Hips"
constraints/0/twist_from = 0.0
constraints/0/twist_range = 6.10865
constraints/0/twist_current = 0.00443282
constraints/0/kusudama_limit_cone_count = 1
constraints/0/kusudama_limit_cone/0/center = Vector3(0, 1, 0)
constraints/0/kusudama_limit_cone/0/radius = 0.0174533
constraints/0/kusudama_twist = Transform3D(1, 0, 0, 0, 1, 0, 0, 0, 1, 2.35367e-16, 0.721485, -0.010541)
constraints/0/kusudama_orientation = Transform3D(0.999992, 0.00170323, 0.00367474, 0.00299733, -0.92141, -0.38858, 0.0027241, 0.388588, -0.921408, 0.0311919, 0.721932, -0.038922)
constraints/0/bone_direction = Transform3D(0.999902, -0.0130607, -0.00500889, -0.0139758, -0.917677, -0.397081, 0.000589598, 0.397112, -0.91777, 0.0311919, 0.721932, -0.038922)
constraints/1/bone_name = &"LeftUpperLeg"
constraints/1/twist_from = 0.0
constraints/1/twist_range = 6.10865
constraints/1/twist_current = 0.311042
constraints/1/kusudama_limit_cone_count = 1
constraints/1/kusudama_limit_cone/0/center = Vector3(0, -1, 0)
constraints/1/kusudama_limit_cone/0/radius = 1.39626
constraints/1/kusudama_twist = Transform3D(1, 0, 0, 0, 1, 0, 0, 0, 1, 0.06, 0.678085, -0.020541)
constraints/1/kusudama_orientation = Transform3D(0.999902, 0.0139881, 6.13553e-05, -0.0139758, 0.998819, 0.0465311, 0.000589598, -0.0465274, 0.998917, 0.0905779, 0.677213, -0.0468525)
constraints/1/bone_direction = Transform3D(-0.999612, 0.0025651, -0.027738, -0.00323081, -0.999707, 0.0239818, -0.0276683, 0.0240621, 0.999327, 0.0905779, 0.677213, -0.0468525)
constraints/2/bone_name = &"LeftLowerLeg"
constraints/2/twist_from = 0.0
constraints/2/twist_range = 6.10865
constraints/2/twist_current = 0.499061
constraints/2/kusudama_limit_cone_count = 3
constraints/2/kusudama_limit_cone/0/center = Vector3(0, 1, 0)
constraints/2/kusudama_limit_cone/0/radius = 0.0349066
constraints/2/kusudama_limit_cone/1/center = Vector3(0, 0, -1)
constraints/2/kusudama_limit_cone/1/radius = 0.0349066
constraints/2/kusudama_limit_cone/2/center = Vector3(0, -1, 0)
constraints/2/kusudama_limit_cone/2/radius = 0.0349066
constraints/2/kusudama_twist = Transform3D(-1, 0, 0, 0, -1, 0, 0, 0, 1, 0.0512447, 0.379123, -0.00912565)
constraints/2/kusudama_orientation = Transform3D(-0.999244, -0.0277361, -0.0272577, 0.0260003, -0.997732, 0.0620942, -0.0289181, 0.0613385, 0.997698, 0.073216, 0.379844, -0.0173788)
constraints/2/bone_direction = Transform3D(0.997674, -0.0154879, -0.0663834, -0.0216232, -0.995457, -0.092725, -0.0646456, 0.0939446, -0.993476, 0.073216, 0.379844, -0.0173788)
constraints/3/bone_name = &"LeftFoot"
constraints/3/twist_from = 0.0
constraints/3/twist_range = 6.10865
constraints/3/twist_current = 0.534446
constraints/3/kusudama_limit_cone_count = 1
constraints/3/kusudama_limit_cone/0/center = Vector3(0, 1, 0)
constraints/3/kusudama_limit_cone/0/radius = 3.49066
constraints/3/kusudama_twist = Transform3D(1, 0, 0, 0, -1, 0, 0, 0, -1, 0.0376808, 0.0449292, -0.0342024)
constraints/3/kusudama_orientation = Transform3D(0.99613, -0.0607411, -0.0635286, -0.0620024, -0.997912, -0.0180726, -0.0622982, 0.0219415, -0.997816, 0.0378026, 0.0466114, -0.0342256)
constraints/3/bone_direction = Transform3D(-0.999999, -8.14907e-08, -3.17581e-06, -3.2112e-06, -1.46031e-06, 1, -1.19209e-07, 0.999999, 1.96695e-06, 0.0378026, 0.0466114, -0.0342256)
constraints/4/bone_name = &"LeftToes"
constraints/4/twist_from = 0.0
constraints/4/twist_range = 6.10865
constraints/4/twist_current = 0.514282
constraints/4/kusudama_limit_cone_count = 1
constraints/4/kusudama_limit_cone/0/center = Vector3(0, 0, -1)
constraints/4/kusudama_limit_cone/0/radius = 0.261799
constraints/4/kusudama_twist = Transform3D(-1, 0, 0, 0, 0, 1, 0, 1, 0, 0.0487446, 0.0114563, 0.0593773)
constraints/4/kusudama_orientation = Transform3D(-0.993676, 0.110639, 0.0191281, -0.0191344, -0.33473, 0.942119, 0.110638, 0.935795, 0.334731, 0.0585121, -0.0160452, 0.0409442)
constraints/4/bone_direction = Transform3D(0.993671, 0.0101789, -0.11186, 0.0191583, -0.99665, 0.0794944, -0.110676, -0.0811352, -0.990537, 0.0585121, -0.0160452, 0.0409442)
constraints/5/bone_name = &"RightUpperLeg"
constraints/5/twist_from = 0.0
constraints/5/twist_range = 6.10865
constraints/5/twist_current = 0.941685
constraints/5/kusudama_limit_cone_count = 1
constraints/5/kusudama_limit_cone/0/center = Vector3(0, -1, 0)
constraints/5/kusudama_limit_cone/0/radius = 1.39626
constraints/5/kusudama_twist = Transform3D(1, 0, 0, 0, 1, 0, 0, 0, 1, -0.06, 0.678082, -0.020541)
constraints/5/kusudama_orientation = Transform3D(0.999902, 0.0139881, 6.13553e-05, -0.0139758, 0.998819, 0.0465311, 0.000589598, -0.0465274, 0.998917, -0.0294166, 0.678874, -0.0469226)
constraints/5/bone_direction = Transform3D(-0.994372, -0.105264, 0.0119937, 0.105499, -0.994198, 0.020976, 0.00971609, 0.0221233, 0.999708, -0.0294166, 0.678874, -0.0469226)
constraints/6/bone_name = &"RightLowerLeg"
constraints/6/twist_from = 0.0
constraints/6/twist_range = 6.10865
constraints/6/twist_current = 0.527098
constraints/6/kusudama_limit_cone_count = 3
constraints/6/kusudama_limit_cone/0/center = Vector3(0, 1, 0)
constraints/6/kusudama_limit_cone/0/radius = 0.0349066
constraints/6/kusudama_limit_cone/1/center = Vector3(0, 0, -1)
constraints/6/kusudama_limit_cone/1/radius = 0.0349066
constraints/6/kusudama_limit_cone/2/center = Vector3(0, -1, 0)
constraints/6/kusudama_limit_cone/2/radius = 0.0349066
constraints/6/kusudama_twist = Transform3D(-1, 0, 0, 0, -1, 0, 0, 0, 1, -0.0512445, 0.37912, -0.00912553)
constraints/6/kusudama_orientation = Transform3D(-0.997019, -0.0755974, 0.0154447, 0.0763827, -0.995335, 0.058938, 0.0109171, 0.059942, 0.998142, -0.0431087, 0.381232, -0.0176997)
constraints/6/bone_direction = Transform3D(0.995451, -0.074041, 0.0599602, -0.0678624, -0.992747, -0.0992365, 0.0668728, 0.0947159, -0.993255, -0.0431087, 0.381232, -0.0176997)
constraints/7/bone_name = &"RightFoot"
constraints/7/twist_from = 0.0
constraints/7/twist_range = 6.10865
constraints/7/twist_current = 0.508472
constraints/7/kusudama_limit_cone_count = 1
constraints/7/kusudama_limit_cone/0/center = Vector3(0, 1, 0)
constraints/7/kusudama_limit_cone/0/radius = 3.49066
constraints/7/kusudama_twist = Transform3D(1, 0, 0, 0, -1, 0, 0, 0, -1, -0.0376792, 0.0449262, -0.034202)
constraints/7/kusudama_orientation = Transform3D(0.997539, -0.0290299, 0.0638202, -0.0275056, -0.999318, -0.0246338, 0.0644917, 0.0228177, -0.997657, -0.0376776, 0.0462075, -0.0342171)
constraints/7/bone_direction = Transform3D(-0.999999, 3.49246e-07, 2.40467e-06, 2.36928e-06, -2.17557e-06, 0.999999, 3.92087e-07, 0.999998, 2.563e-06, -0.0376776, 0.0462075, -0.0342171)
constraints/8/bone_name = &"RightToes"
constraints/8/twist_from = 0.0
constraints/8/twist_range = 6.10865
constraints/8/twist_current = 0.514282
constraints/8/kusudama_limit_cone_count = 1
constraints/8/kusudama_limit_cone/0/center = Vector3(0, 0, -1)
constraints/8/kusudama_limit_cone/0/radius = 0.261799
constraints/8/kusudama_twist = Transform3D(-1, 0, 0, 0, 0, 1, 0, 1, 0, -0.0487425, 0.0114534, 0.0593778)
constraints/8/kusudama_orientation = Transform3D(-0.993676, -0.110634, -0.0191278, 0.0191328, -0.33473, 0.942119, -0.110633, 0.935795, 0.33473, -0.0583833, -0.0164528, 0.0409199)
constraints/8/bone_direction = Transform3D(0.993677, -0.0101592, 0.111808, -0.0191491, -0.996639, 0.0796277, 0.110623, -0.0812659, -0.990532, -0.0583833, -0.0164528, 0.0409199)
constraints/9/bone_name = &"Spine"
constraints/9/twist_from = 0.0
constraints/9/twist_range = 6.10865
constraints/9/twist_current = 1.0
constraints/9/kusudama_limit_cone_count = 1
constraints/9/kusudama_limit_cone/0/center = Vector3(0, 1, 0)
constraints/9/kusudama_limit_cone/0/radius = 0.0174533
constraints/9/kusudama_twist = Transform3D(1, 0, 0, 0, 1, 0, 0, 0, 1, 2.35367e-16, 0.755446, -0.010541)
constraints/9/kusudama_orientation = Transform3D(0.999902, 0.0139881, 6.13553e-05, -0.0139758, 0.998819, 0.0465311, 0.000589598, -0.0465274, 0.998917, 0.031665, 0.755698, -0.0404931)
constraints/9/bone_direction = Transform3D(0.999652, 0.0263868, -0.00073502, -0.0263297, 0.998704, 0.0435473, 0.00188314, -0.0435127, 0.999051, 0.031665, 0.755698, -0.0404931)
constraints/10/bone_name = &"Spine1"
constraints/10/twist_from = 0.0
constraints/10/twist_range = 6.10865
constraints/10/twist_current = 1.0
constraints/10/kusudama_limit_cone_count = 0
constraints/10/kusudama_twist = Transform3D(1, 0, 0, 0, 1, 0, 0, 0, 1, -1.09107e-08, 0.822257, -0.01048)
constraints/10/kusudama_orientation = Transform3D(0.999652, 0.0263859, -0.000759111, -0.0263296, 0.998744, 0.0426354, 0.00188313, -0.0426006, 0.99909, 0.0334274, 0.822411, -0.0432777)
constraints/10/bone_direction = Transform3D(0.983283, -0.181744, -0.0111073, 0.16385, 0.909783, -0.381377, 0.079418, 0.373181, 0.924352, 0.0334274, 0.822411, -0.0432777)
constraints/11/bone_name = &"Chest"
constraints/11/twist_from = 0.0
constraints/11/twist_range = 6.10865
constraints/11/twist_current = 0.0304158
constraints/11/kusudama_limit_cone_count = 1
constraints/11/kusudama_limit_cone/0/center = Vector3(0, 1, 0)
constraints/11/kusudama_limit_cone/0/radius = 0.0872665
constraints/11/kusudama_twist = Transform3D(1, 0, 0, 0, 1, 0, 0, 0, 1, -5.6124e-08, 0.910321, -0.0197794)
constraints/11/kusudama_orientation = Transform3D(0.983283, -0.179573, -0.0301313, 0.163851, 0.944802, -0.283729, 0.0794182, 0.274049, 0.95843, 0.0178883, 0.908281, -0.0280513)
constraints/11/bone_direction = Transform3D(0.958338, -0.235557, 0.16156, 0.274367, 0.916444, -0.291297, -0.0794432, 0.323487, 0.942891, 0.0178883, 0.908281, -0.0280513)
constraints/12/bone_name = &"LeftCord1"
constraints/12/twist_from = 0.0
constraints/12/twist_range = 6.10865
constraints/12/twist_current = null
constraints/12/kusudama_limit_cone_count = 0
constraints/12/kusudama_twist = Transform3D(1, 0, 0, 0, 1, 0, 0, 0, 1, 0, 0, 0)
constraints/12/kusudama_orientation = Transform3D(1, 0, 0, 0, 1, 0, 0, 0, 1, 0, 0, 0)
constraints/12/bone_direction = Transform3D(1, 0, 0, 0, 1, 0, 0, 0, 1, 0, 0, 0)
constraints/13/bone_name = &"LeftCord2"
constraints/13/twist_from = 0.0
constraints/13/twist_range = 6.10865
constraints/13/twist_current = null
constraints/13/kusudama_limit_cone_count = 0
constraints/13/kusudama_twist = Transform3D(1, 0, 0, 0, 1, 0, 0, 0, 1, 0, 0, 0)
constraints/13/kusudama_orientation = Transform3D(1, 0, 0, 0, 1, 0, 0, 0, 1, 0, 0, 0)
constraints/13/bone_direction = Transform3D(1, 0, 0, 0, 1, 0, 0, 0, 1, 0, 0, 0)
constraints/14/bone_name = &"LeftCord3"
constraints/14/twist_from = 0.0
constraints/14/twist_range = 6.10865
constraints/14/twist_current = null
constraints/14/kusudama_limit_cone_count = 0
constraints/14/kusudama_twist = Transform3D(1, 0, 0, 0, 1, 0, 0, 0, 1, 0, 0, 0)
constraints/14/kusudama_orientation = Transform3D(1, 0, 0, 0, 1, 0, 0, 0, 1, 0, 0, 0)
constraints/14/bone_direction = Transform3D(1, 0, 0, 0, 1, 0, 0, 0, 1, 0, 0, 0)
constraints/15/bone_name = &"LeftShoulder"
constraints/15/twist_from = 0.0
constraints/15/twist_range = 6.10865
constraints/15/twist_current = 0.752396
constraints/15/kusudama_limit_cone_count = 1
constraints/15/kusudama_limit_cone/0/center = Vector3(1, 0, 0)
constraints/15/kusudama_limit_cone/0/radius = 0.523599
constraints/15/kusudama_twist = Transform3D(1, 0, 0, 0, 1, 0, 0, 0, 1, 0.0299999, 1.00097, -0.0377453)
constraints/15/kusudama_orientation = Transform3D(0.958338, -0.264961, 0.106697, 0.274367, 0.957784, -0.0858586, -0.0794431, 0.111556, 0.990577, 0.020779, 1.00461, -0.0381541)
constraints/15/bone_direction = Transform3D(0.019994, 0.999719, 0.0126962, -0.0846535, -0.0109605, 0.996349, 0.996208, -0.0209958, 0.0844112, 0.020779, 1.00461, -0.0381541)
constraints/16/bone_name = &"LeftUpperArm"
constraints/16/twist_from = 0.0
constraints/16/twist_range = 6.10865
constraints/16/twist_current = 0.42779
constraints/16/kusudama_limit_cone_count = 1
constraints/16/kusudama_limit_cone/0/center = Vector3(0, 1, 0)
constraints/16/kusudama_limit_cone/0/radius = 0.0174533
constraints/16/kusudama_twist = Transform3D(0, 1, 0, 0, 0, 1, 1, 0, 0, 0.0911541, 1.00097, -0.0377453)
constraints/16/kusudama_orientation = Transform3D(0.0199943, 0.999719, 0.0126962, -0.0846535, -0.0109605, 0.996349, 0.996208, -0.0209961, 0.0844112, 0.0819274, 1.0042, -0.0394149)
constraints/16/bone_direction = Transform3D(-0.00671884, 0.999964, -0.00503968, -0.429332, -0.00743661, -0.903114, -0.903119, -0.00390423, 0.429366, 0.0819274, 1.0042, -0.0394149)
constraints/17/bone_name = &"LeftLowerArm"
constraints/17/twist_from = 0.0
constraints/17/twist_range = 6.10865
constraints/17/twist_current = 0.79589
constraints/17/kusudama_limit_cone_count = 3
constraints/17/kusudama_limit_cone/0/center = Vector3(0, 1, 0)
constraints/17/kusudama_limit_cone/0/radius = 0.0174533
constraints/17/kusudama_limit_cone/1/center = Vector3(-1, 0, 0)
constraints/17/kusudama_limit_cone/1/radius = 0.349066
constraints/17/kusudama_limit_cone/2/center = Vector3(0, -1, 0)
constraints/17/kusudama_limit_cone/2/radius = 0.349066
constraints/17/kusudama_twist = Transform3D(0, 1, 0, 0, 0, -1, -1, 0, 0, 0.251153, 1.00052, -0.0378541)
constraints/17/kusudama_orientation = Transform3D(-0.00739868, 0.999941, -0.00789238, -0.429326, -0.0103049, -0.903088, -0.903117, -0.00329331, 0.429376, 0.241997, 1.00196, -0.0397841)
constraints/17/bone_direction = Transform3D(-0.00851478, 0.999922, -0.00916514, -0.95694, -0.00548908, 0.290216, 0.290142, 0.0112416, 0.956913, 0.241997, 1.00196, -0.0397841)
constraints/18/bone_name = &"LeftHand"
constraints/18/twist_from = 0.0
constraints/18/twist_range = 6.10865
constraints/18/twist_current = 0.305338
constraints/18/kusudama_limit_cone_count = 1
constraints/18/kusudama_limit_cone/0/center = Vector3(0, 1, 0)
constraints/18/kusudama_limit_cone/0/radius = 0.349066
constraints/18/kusudama_twist = Transform3D(0, 1, 0, -1, 0, 0, 0, 0, 1, 0.401153, 1.00009, -0.0379312)
constraints/18/kusudama_orientation = Transform3D(-0.0113771, 0.999898, -0.00865079, -0.95692, -0.00837769, 0.290212, 0.290109, 0.0115799, 0.956918, 0.392046, 1.00023, -0.037983)
constraints/18/bone_direction = Transform3D(-1.09822e-05, 1, -2.11548e-05, -3.60608e-06, -2.13473e-05, -0.999991, -0.999992, -1.09477e-05, 3.66569e-06, 0.392046, 1.00023, -0.037983)
constraints/19/bone_name = &"LeftIndexProximal"
constraints/19/twist_from = 0.0
constraints/19/twist_range = 6.10865
constraints/19/twist_current = null
constraints/19/kusudama_limit_cone_count = 0
constraints/19/kusudama_twist = Transform3D(1, 0, 0, 0, 1, 0, 0, 0, 1, 0, 0, 0)
constraints/19/kusudama_orientation = Transform3D(1, 0, 0, 0, 1, 0, 0, 0, 1, 0, 0, 0)
constraints/19/bone_direction = Transform3D(1, 0, 0, 0, 1, 0, 0, 0, 1, 0, 0, 0)
constraints/20/bone_name = &"LeftIndexIntermediate"
constraints/20/twist_from = 0.0
constraints/20/twist_range = 6.10865
constraints/20/twist_current = null
constraints/20/kusudama_limit_cone_count = 0
constraints/20/kusudama_twist = Transform3D(1, 0, 0, 0, 1, 0, 0, 0, 1, 0, 0, 0)
constraints/20/kusudama_orientation = Transform3D(1, 0, 0, 0, 1, 0, 0, 0, 1, 0, 0, 0)
constraints/20/bone_direction = Transform3D(1, 0, 0, 0, 1, 0, 0, 0, 1, 0, 0, 0)
constraints/21/bone_name = &"LeftIndexDistal"
constraints/21/twist_from = 0.0
constraints/21/twist_range = 6.10865
constraints/21/twist_current = null
constraints/21/kusudama_limit_cone_count = 0
constraints/21/kusudama_twist = Transform3D(1, 0, 0, 0, 1, 0, 0, 0, 1, 0, 0, 0)
constraints/21/kusudama_orientation = Transform3D(1, 0, 0, 0, 1, 0, 0, 0, 1, 0, 0, 0)
constraints/21/bone_direction = Transform3D(1, 0, 0, 0, 1, 0, 0, 0, 1, 0, 0, 0)
constraints/22/bone_name = &"LeftHandIndex4"
constraints/22/twist_from = 0.0
constraints/22/twist_range = 6.10865
constraints/22/twist_current = null
constraints/22/kusudama_limit_cone_count = 0
constraints/22/kusudama_twist = Transform3D(1, 0, 0, 0, 1, 0, 0, 0, 1, 0, 0, 0)
constraints/22/kusudama_orientation = Transform3D(1, 0, 0, 0, 1, 0, 0, 0, 1, 0, 0, 0)
constraints/22/bone_direction = Transform3D(1, 0, 0, 0, 1, 0, 0, 0, 1, 0, 0, 0)
constraints/23/bone_name = &"LeftMiddleProximal"
constraints/23/twist_from = 0.0
constraints/23/twist_range = 6.10865
constraints/23/twist_current = null
constraints/23/kusudama_limit_cone_count = 0
constraints/23/kusudama_twist = Transform3D(1, 0, 0, 0, 1, 0, 0, 0, 1, 0, 0, 0)
constraints/23/kusudama_orientation = Transform3D(1, 0, 0, 0, 1, 0, 0, 0, 1, 0, 0, 0)
constraints/23/bone_direction = Transform3D(1, 0, 0, 0, 1, 0, 0, 0, 1, 0, 0, 0)
constraints/24/bone_name = &"LeftMiddleIntermediate"
constraints/24/twist_from = 0.0
constraints/24/twist_range = 6.10865
constraints/24/twist_current = null
constraints/24/kusudama_limit_cone_count = 0
constraints/24/kusudama_twist = Transform3D(1, 0, 0, 0, 1, 0, 0, 0, 1, 0, 0, 0)
constraints/24/kusudama_orientation = Transform3D(1, 0, 0, 0, 1, 0, 0, 0, 1, 0, 0, 0)
constraints/24/bone_direction = Transform3D(1, 0, 0, 0, 1, 0, 0, 0, 1, 0, 0, 0)
constraints/25/bone_name = &"LeftMiddleDistal"
constraints/25/twist_from = 0.0
constraints/25/twist_range = 6.10865
constraints/25/twist_current = null
constraints/25/kusudama_limit_cone_count = 0
constraints/25/kusudama_twist = Transform3D(1, 0, 0, 0, 1, 0, 0, 0, 1, 0, 0, 0)
constraints/25/kusudama_orientation = Transform3D(1, 0, 0, 0, 1, 0, 0, 0, 1, 0, 0, 0)
constraints/25/bone_direction = Transform3D(1, 0, 0, 0, 1, 0, 0, 0, 1, 0, 0, 0)
constraints/26/bone_name = &"LeftHandMiddle4"
constraints/26/twist_from = 0.0
constraints/26/twist_range = 6.10865
constraints/26/twist_current = null
constraints/26/kusudama_limit_cone_count = 0
constraints/26/kusudama_twist = Transform3D(1, 0, 0, 0, 1, 0, 0, 0, 1, 0, 0, 0)
constraints/26/kusudama_orientation = Transform3D(1, 0, 0, 0, 1, 0, 0, 0, 1, 0, 0, 0)
constraints/26/bone_direction = Transform3D(1, 0, 0, 0, 1, 0, 0, 0, 1, 0, 0, 0)
constraints/27/bone_name = &"LeftLittleProximal"
constraints/27/twist_from = 0.0
constraints/27/twist_range = 6.10865
constraints/27/twist_current = null
constraints/27/kusudama_limit_cone_count = 0
constraints/27/kusudama_twist = Transform3D(1, 0, 0, 0, 1, 0, 0, 0, 1, 0, 0, 0)
constraints/27/kusudama_orientation = Transform3D(1, 0, 0, 0, 1, 0, 0, 0, 1, 0, 0, 0)
constraints/27/bone_direction = Transform3D(1, 0, 0, 0, 1, 0, 0, 0, 1, 0, 0, 0)
constraints/28/bone_name = &"LeftLittleIntermediate"
constraints/28/twist_from = 0.0
constraints/28/twist_range = 6.10865
constraints/28/twist_current = null
constraints/28/kusudama_limit_cone_count = 0
constraints/28/kusudama_twist = Transform3D(1, 0, 0, 0, 1, 0, 0, 0, 1, 0, 0, 0)
constraints/28/kusudama_orientation = Transform3D(1, 0, 0, 0, 1, 0, 0, 0, 1, 0, 0, 0)
constraints/28/bone_direction = Transform3D(1, 0, 0, 0, 1, 0, 0, 0, 1, 0, 0, 0)
constraints/29/bone_name = &"LeftLittleDistal"
constraints/29/twist_from = 0.0
constraints/29/twist_range = 6.10865
constraints/29/twist_current = null
constraints/29/kusudama_limit_cone_count = 0
constraints/29/kusudama_twist = Transform3D(1, 0, 0, 0, 1, 0, 0, 0, 1, 0, 0, 0)
constraints/29/kusudama_orientation = Transform3D(1, 0, 0, 0, 1, 0, 0, 0, 1, 0, 0, 0)
constraints/29/bone_direction = Transform3D(1, 0, 0, 0, 1, 0, 0, 0, 1, 0, 0, 0)
constraints/30/bone_name = &"LeftHandPinky4"
constraints/30/twist_from = 0.0
constraints/30/twist_range = 6.10865
constraints/30/twist_current = null
constraints/30/kusudama_limit_cone_count = 0
constraints/30/kusudama_twist = Transform3D(1, 0, 0, 0, 1, 0, 0, 0, 1, 0, 0, 0)
constraints/30/kusudama_orientation = Transform3D(1, 0, 0, 0, 1, 0, 0, 0, 1, 0, 0, 0)
constraints/30/bone_direction = Transform3D(1, 0, 0, 0, 1, 0, 0, 0, 1, 0, 0, 0)
constraints/31/bone_name = &"LeftRingProximal"
constraints/31/twist_from = 0.0
constraints/31/twist_range = 6.10865
constraints/31/twist_current = null
constraints/31/kusudama_limit_cone_count = 0
constraints/31/kusudama_twist = Transform3D(1, 0, 0, 0, 1, 0, 0, 0, 1, 0, 0, 0)
constraints/31/kusudama_orientation = Transform3D(1, 0, 0, 0, 1, 0, 0, 0, 1, 0, 0, 0)
constraints/31/bone_direction = Transform3D(1, 0, 0, 0, 1, 0, 0, 0, 1, 0, 0, 0)
constraints/32/bone_name = &"LeftRingIntermediate"
constraints/32/twist_from = 0.0
constraints/32/twist_range = 6.10865
constraints/32/twist_current = null
constraints/32/kusudama_limit_cone_count = 0
constraints/32/kusudama_twist = Transform3D(1, 0, 0, 0, 1, 0, 0, 0, 1, 0, 0, 0)
constraints/32/kusudama_orientation = Transform3D(1, 0, 0, 0, 1, 0, 0, 0, 1, 0, 0, 0)
constraints/32/bone_direction = Transform3D(1, 0, 0, 0, 1, 0, 0, 0, 1, 0, 0, 0)
constraints/33/bone_name = &"LeftRingDistal"
constraints/33/twist_from = 0.0
constraints/33/twist_range = 6.10865
constraints/33/twist_current = null
constraints/33/kusudama_limit_cone_count = 0
constraints/33/kusudama_twist = Transform3D(1, 0, 0, 0, 1, 0, 0, 0, 1, 0, 0, 0)
constraints/33/kusudama_orientation = Transform3D(1, 0, 0, 0, 1, 0, 0, 0, 1, 0, 0, 0)
constraints/33/bone_direction = Transform3D(1, 0, 0, 0, 1, 0, 0, 0, 1, 0, 0, 0)
constraints/34/bone_name = &"LeftHandRing4"
constraints/34/twist_from = 0.0
constraints/34/twist_range = 6.10865
constraints/34/twist_current = null
constraints/34/kusudama_limit_cone_count = 0
constraints/34/kusudama_twist = Transform3D(1, 0, 0, 0, 1, 0, 0, 0, 1, 0, 0, 0)
constraints/34/kusudama_orientation = Transform3D(1, 0, 0, 0, 1, 0, 0, 0, 1, 0, 0, 0)
constraints/34/bone_direction = Transform3D(1, 0, 0, 0, 1, 0, 0, 0, 1, 0, 0, 0)
constraints/35/bone_name = &"LeftThumbMetacarpal"
constraints/35/twist_from = 0.0
constraints/35/twist_range = 6.10865
constraints/35/twist_current = null
constraints/35/kusudama_limit_cone_count = 0
constraints/35/kusudama_twist = Transform3D(1, 0, 0, 0, 1, 0, 0, 0, 1, 0, 0, 0)
constraints/35/kusudama_orientation = Transform3D(1, 0, 0, 0, 1, 0, 0, 0, 1, 0, 0, 0)
constraints/35/bone_direction = Transform3D(1, 0, 0, 0, 1, 0, 0, 0, 1, 0, 0, 0)
constraints/36/bone_name = &"LeftThumbProximal"
constraints/36/twist_from = 0.0
constraints/36/twist_range = 6.10865
constraints/36/twist_current = null
constraints/36/kusudama_limit_cone_count = 0
constraints/36/kusudama_twist = Transform3D(1, 0, 0, 0, 1, 0, 0, 0, 1, 0, 0, 0)
constraints/36/kusudama_orientation = Transform3D(1, 0, 0, 0, 1, 0, 0, 0, 1, 0, 0, 0)
constraints/36/bone_direction = Transform3D(1, 0, 0, 0, 1, 0, 0, 0, 1, 0, 0, 0)
constraints/37/bone_name = &"LeftThumbDistal"
constraints/37/twist_from = 0.0
constraints/37/twist_range = 6.10865
constraints/37/twist_current = null
constraints/37/kusudama_limit_cone_count = 0
constraints/37/kusudama_twist = Transform3D(1, 0, 0, 0, 1, 0, 0, 0, 1, 0, 0, 0)
constraints/37/kusudama_orientation = Transform3D(1, 0, 0, 0, 1, 0, 0, 0, 1, 0, 0, 0)
constraints/37/bone_direction = Transform3D(1, 0, 0, 0, 1, 0, 0, 0, 1, 0, 0, 0)
constraints/38/bone_name = &"LeftHandThumb4"
constraints/38/twist_from = 0.0
constraints/38/twist_range = 6.10865
constraints/38/twist_current = null
constraints/38/kusudama_limit_cone_count = 0
constraints/38/kusudama_twist = Transform3D(1, 0, 0, 0, 1, 0, 0, 0, 1, 0, 0, 0)
constraints/38/kusudama_orientation = Transform3D(1, 0, 0, 0, 1, 0, 0, 0, 1, 0, 0, 0)
constraints/38/bone_direction = Transform3D(1, 0, 0, 0, 1, 0, 0, 0, 1, 0, 0, 0)
constraints/39/bone_name = &"Neck"
constraints/39/twist_from = 0.0
constraints/39/twist_range = 6.10865
constraints/39/twist_current = 0.126567
constraints/39/kusudama_limit_cone_count = 1
constraints/39/kusudama_limit_cone/0/center = Vector3(0, 1, 0)
constraints/39/kusudama_limit_cone/0/radius = 0.872665
constraints/39/kusudama_twist = Transform3D(1, 0, 0, 0, 1, 0, 0, 0, 1, -1.28106e-07, 1.03356, -0.0514217)
constraints/39/kusudama_orientation = Transform3D(0.958338, -0.264961, 0.106697, 0.274367, 0.957784, -0.0858586, -0.0794431, 0.111556, 0.990577, -0.0181566, 1.02908, -0.0456504)
constraints/39/bone_direction = Transform3D(0.663385, -0.383554, 0.6425, 0.10745, 0.898567, 0.425476, -0.740522, -0.213217, 0.637309, -0.0181566, 1.02908, -0.0456504)
constraints/40/bone_name = &"Head"
constraints/40/twist_from = 0.0
constraints/40/twist_range = 6.10865
constraints/40/twist_current = 0.892231
constraints/40/kusudama_limit_cone_count = 1
constraints/40/kusudama_limit_cone/0/center = Vector3(0, 1, 0)
constraints/40/kusudama_limit_cone/0/radius = 0.174533
constraints/40/kusudama_twist = Transform3D(1, 0, 0, 0, 1, 0, 0, 0, 1, -1.2489e-07, 1.08301, -0.0360208)
constraints/40/kusudama_orientation = Transform3D(0.663385, -0.175155, 0.727489, 0.10745, 0.98444, 0.139038, -0.740522, -0.0140664, 0.671883, -0.0156161, 1.07993, -0.0359963)
constraints/40/bone_direction = Transform3D(0.999997, -0.00209843, -0.000141472, 0.00209813, 0.999996, 0.000143677, 0.000140965, -0.000143006, 0.999997, -0.0156161, 1.07993, -0.0359963)
constraints/41/bone_name = &"LeftEye"
constraints/41/twist_from = 0.0
constraints/41/twist_range = 6.10865
constraints/41/twist_current = null
constraints/41/kusudama_limit_cone_count = 0
constraints/41/kusudama_twist = Transform3D(1, 0, 0, 0, 1, 0, 0, 0, 1, 0, 0, 0)
constraints/41/kusudama_orientation = Transform3D(1, 0, 0, 0, 1, 0, 0, 0, 1, 0, 0, 0)
constraints/41/bone_direction = Transform3D(1, 0, 0, 0, 1, 0, 0, 0, 1, 0, 0, 0)
constraints/42/bone_name = &"LeftHair_A_1_1"
constraints/42/twist_from = 0.0
constraints/42/twist_range = 6.10865
constraints/42/twist_current = null
constraints/42/kusudama_limit_cone_count = 0
constraints/42/kusudama_twist = Transform3D(1, 0, 0, 0, 1, 0, 0, 0, 1, 0, 0, 0)
constraints/42/kusudama_orientation = Transform3D(1, 0, 0, 0, 1, 0, 0, 0, 1, 0, 0, 0)
constraints/42/bone_direction = Transform3D(1, 0, 0, 0, 1, 0, 0, 0, 1, 0, 0, 0)
constraints/43/bone_name = &"LeftHair_A_1_2"
constraints/43/twist_from = 0.0
constraints/43/twist_range = 6.10865
constraints/43/twist_current = null
constraints/43/kusudama_limit_cone_count = 0
constraints/43/kusudama_twist = Transform3D(1, 0, 0, 0, 1, 0, 0, 0, 1, 0, 0, 0)
constraints/43/kusudama_orientation = Transform3D(1, 0, 0, 0, 1, 0, 0, 0, 1, 0, 0, 0)
constraints/43/bone_direction = Transform3D(1, 0, 0, 0, 1, 0, 0, 0, 1, 0, 0, 0)
constraints/44/bone_name = &"LeftHair_A_1_3"
constraints/44/twist_from = 0.0
constraints/44/twist_range = 6.10865
constraints/44/twist_current = null
constraints/44/kusudama_limit_cone_count = 0
constraints/44/kusudama_twist = Transform3D(1, 0, 0, 0, 1, 0, 0, 0, 1, 0, 0, 0)
constraints/44/kusudama_orientation = Transform3D(1, 0, 0, 0, 1, 0, 0, 0, 1, 0, 0, 0)
constraints/44/bone_direction = Transform3D(1, 0, 0, 0, 1, 0, 0, 0, 1, 0, 0, 0)
constraints/45/bone_name = &"LeftHair_A_2_1"
constraints/45/twist_from = 0.0
constraints/45/twist_range = 6.10865
constraints/45/twist_current = null
constraints/45/kusudama_limit_cone_count = 0
constraints/45/kusudama_twist = Transform3D(1, 0, 0, 0, 1, 0, 0, 0, 1, 0, 0, 0)
constraints/45/kusudama_orientation = Transform3D(1, 0, 0, 0, 1, 0, 0, 0, 1, 0, 0, 0)
constraints/45/bone_direction = Transform3D(1, 0, 0, 0, 1, 0, 0, 0, 1, 0, 0, 0)
constraints/46/bone_name = &"LeftHair_A_2_2"
constraints/46/twist_from = 0.0
constraints/46/twist_range = 6.10865
constraints/46/twist_current = null
constraints/46/kusudama_limit_cone_count = 0
constraints/46/kusudama_twist = Transform3D(1, 0, 0, 0, 1, 0, 0, 0, 1, 0, 0, 0)
constraints/46/kusudama_orientation = Transform3D(1, 0, 0, 0, 1, 0, 0, 0, 1, 0, 0, 0)
constraints/46/bone_direction = Transform3D(1, 0, 0, 0, 1, 0, 0, 0, 1, 0, 0, 0)
constraints/47/bone_name = &"LeftHair_A_3_1"
constraints/47/twist_from = 0.0
constraints/47/twist_range = 6.10865
constraints/47/twist_current = null
constraints/47/kusudama_limit_cone_count = 0
constraints/47/kusudama_twist = Transform3D(1, 0, 0, 0, 1, 0, 0, 0, 1, 0, 0, 0)
constraints/47/kusudama_orientation = Transform3D(1, 0, 0, 0, 1, 0, 0, 0, 1, 0, 0, 0)
constraints/47/bone_direction = Transform3D(1, 0, 0, 0, 1, 0, 0, 0, 1, 0, 0, 0)
constraints/48/bone_name = &"LeftHair_A_3_2"
constraints/48/twist_from = 0.0
constraints/48/twist_range = 6.10865
constraints/48/twist_current = null
constraints/48/kusudama_limit_cone_count = 0
constraints/48/kusudama_twist = Transform3D(1, 0, 0, 0, 1, 0, 0, 0, 1, 0, 0, 0)
constraints/48/kusudama_orientation = Transform3D(1, 0, 0, 0, 1, 0, 0, 0, 1, 0, 0, 0)
constraints/48/bone_direction = Transform3D(1, 0, 0, 0, 1, 0, 0, 0, 1, 0, 0, 0)
constraints/49/bone_name = &"LeftHair_B_1_1"
constraints/49/twist_from = 0.0
constraints/49/twist_range = 6.10865
constraints/49/twist_current = null
constraints/49/kusudama_limit_cone_count = 0
constraints/49/kusudama_twist = Transform3D(1, 0, 0, 0, 1, 0, 0, 0, 1, 0, 0, 0)
constraints/49/kusudama_orientation = Transform3D(1, 0, 0, 0, 1, 0, 0, 0, 1, 0, 0, 0)
constraints/49/bone_direction = Transform3D(1, 0, 0, 0, 1, 0, 0, 0, 1, 0, 0, 0)
constraints/50/bone_name = &"LeftHair_B_1_2"
constraints/50/twist_from = 0.0
constraints/50/twist_range = 6.10865
constraints/50/twist_current = null
constraints/50/kusudama_limit_cone_count = 0
constraints/50/kusudama_twist = Transform3D(1, 0, 0, 0, 1, 0, 0, 0, 1, 0, 0, 0)
