[gd_scene load_steps=2 format=3 uid="uid://bkkoxq2l47ndk"]

[ext_resource type="PackedScene" uid="uid://b0dhko1ewbuix" path="res://SK_liqu/art/SK_liqu/Liqu.vrm" id="1_qqot0"]

[node name="Liqu" instance=ExtResource("1_qqot0")]

[node name="GeneralSkeleton" parent="Armature" index="0"]
bones/0/position = Vector3(8.27014e-07, 0.721243, -0.0105375)
bones/0/rotation = Quaternion(-0.591427, -0.313874, -0.257069, 0.696859)
bones/0/scale = Vector3(1, 1, 1)
bones/1/position = Vector3(0.0600273, -0.043411, -0.00997502)
bones/1/rotation = Quaternion(0.4089, -0.57713, 0.594565, -0.382379)
bones/1/scale = Vector3(1, 1, 1)
bones/2/position = Vector3(0.00875804, 0.299017, 0.0114221)
bones/2/rotation = Quaternion(0.0816353, 0.987175, 0.0988724, -0.0951056)
bones/2/scale = Vector3(1, 1, 1)
bones/3/position = Vector3(-0.0135684, 0.334322, 0.0250849)
bones/3/rotation = Quaternion(0.0807808, -0.693381, 0.715273, 0.0328796)
bones/3/scale = Vector3(1, 1, 1)
bones/5/position = Vector3(-0.0600267, -0.0434216, -0.0100059)
bones/5/rotation = Quaternion(0.014247, -0.692841, 0.71939, -0.0474039)
bones/5/scale = Vector3(1, 1, 1)
bones/6/position = Vector3(-0.00875978, 0.299005, 0.0114176)
bones/6/rotation = Quaternion(0.102471, 0.775619, 0.155279, 0.60316)
bones/6/scale = Vector3(1, 1, 1)
bones/7/position = Vector3(0.0135705, 0.334317, 0.0250852)
bones/7/rotation = Quaternion(-0.18411, 0.700402, -0.657994, -0.206361)
bones/7/scale = Vector3(1, 1, 1)
bones/9/position = Vector3(7.45058e-08, 0.0339613, 2.60472e-05)
bones/9/rotation = Quaternion(0.587153, -0.00143183, 0.00821336, 0.809433)
bones/9/scale = Vector3(1, 1, 1)
bones/10/position = Vector3(9.68575e-07, 0.0668523, 6.37695e-05)
bones/10/rotation = Quaternion(0.053228, 0.00270276, 0.000635906, 0.998579)
bones/10/scale = Vector3(1, 1, 1)
bones/11/position = Vector3(7.71135e-07, 0.0880652, -0.00930247)
bones/11/rotation = Quaternion(0.066326, 0.419605, -0.0751706, 0.902154)
bones/11/scale = Vector3(1, 1, 1)
bones/15/position = Vector3(0.0300039, 0.0907164, -0.0179761)
bones/15/rotation = Quaternion(-0.45113, -0.453443, -0.505079, 0.579453)
bones/15/scale = Vector3(1, 1, 1)
bones/16/position = Vector3(-2.68221e-06, 0.061192, -2.34842e-05)
bones/16/rotation = Quaternion(0.0574723, 0.994506, 0.0324369, -0.0812563)
bones/16/scale = Vector3(1, 0.999999, 1)
bones/17/position = Vector3(0.00012213, 0.160081, 0.000448644)
bones/17/rotation = Quaternion(-0.00137526, -0.641901, -0.00667462, 0.766757)
bones/17/scale = Vector3(1, 0.999997, 1)
bones/18/position = Vector3(0.000439167, 0.150099, -8.9407e-05)
bones/18/rotation = Quaternion(0.0343879, 0.372599, -0.00685316, 0.92733)
bones/18/scale = Vector3(1, 0.999994, 0.999999)
bones/39/position = Vector3(-4.95929e-08, 0.123281, -0.0316588)
bones/39/rotation = Quaternion(-0.272424, 0.00862071, 0.00115113, 0.962138)
bones/39/scale = Vector3(1, 1, 1)
bones/40/position = Vector3(3.27942e-07, 0.0494558, 0.0154015)
bones/40/rotation = Quaternion(0.0406293, -0.0418945, -0.0094416, 0.998251)
bones/40/scale = Vector3(0.999999, 1, 1)
bones/106/position = Vector3(-0.0300047, 0.0907019, -0.0179798)
bones/106/rotation = Quaternion(-0.430614, 0.477029, 0.518087, 0.564448)
bones/106/scale = Vector3(1, 1, 1)
bones/107/position = Vector3(-6.19888e-06, 0.061186, -5.07832e-05)
bones/107/rotation = Quaternion(0.0627809, 0.991288, -0.0386169, 0.10916)
bones/107/scale = Vector3(1, 0.999999, 1)
bones/108/position = Vector3(-0.000114441, 0.160069, 0.000457823)
bones/108/rotation = Quaternion(-8.27281e-05, 0.635483, -0.00945508, 0.772057)
bones/108/scale = Vector3(1, 0.999997, 1)
bones/109/position = Vector3(-0.000438213, 0.15012, -6.95586e-05)
bones/109/rotation = Quaternion(0.0408445, -0.348888, -0.0116804, 0.936201)
bones/109/scale = Vector3(1, 0.999994, 1)
bones/134/position = Vector3(0.0321019, -0.00466228, -0.117435)
bones/134/rotation = Quaternion(0.072224, 0.00445306, 0.0405683, 0.996553)

[node name="ManyBoneIK3D" type="ManyBoneIK3D" parent="." index="5"]
skeleton_node_path = NodePath("../Armature/GeneralSkeleton")
bone_count = 135
bone/0/bone_name = null
bone/0/damp = 3.14159
bone/1/bone_name = null
bone/1/damp = 3.14159
bone/2/bone_name = null
bone/2/damp = 3.14159
bone/3/bone_name = null
bone/3/damp = 3.14159
bone/4/bone_name = null
bone/4/damp = 3.14159
bone/5/bone_name = null
bone/5/damp = 3.14159
bone/6/bone_name = null
bone/6/damp = 3.14159
bone/7/bone_name = null
bone/7/damp = 3.14159
bone/8/bone_name = null
bone/8/damp = 3.14159
bone/9/bone_name = null
bone/9/damp = 3.14159
bone/10/bone_name = null
bone/10/damp = 3.14159
bone/11/bone_name = null
bone/11/damp = 3.14159
bone/12/bone_name = null
bone/12/damp = 3.14159
bone/13/bone_name = null
bone/13/damp = 3.14159
bone/14/bone_name = null
bone/14/damp = 3.14159
bone/15/bone_name = null
bone/15/damp = 3.14159
bone/16/bone_name = null
bone/16/damp = 3.14159
bone/17/bone_name = null
bone/17/damp = 3.14159
bone/18/bone_name = null
bone/18/damp = 3.14159
bone/19/bone_name = null
bone/19/damp = 3.14159
bone/20/bone_name = null
bone/20/damp = 3.14159
bone/21/bone_name = null
bone/21/damp = 3.14159
bone/22/bone_name = null
bone/22/damp = 3.14159
bone/23/bone_name = null
bone/23/damp = 3.14159
bone/24/bone_name = null
bone/24/damp = 3.14159
bone/25/bone_name = null
bone/25/damp = 3.14159
bone/26/bone_name = null
bone/26/damp = 3.14159
bone/27/bone_name = null
bone/27/damp = 3.14159
bone/28/bone_name = null
bone/28/damp = 3.14159
bone/29/bone_name = null
bone/29/damp = 3.14159
bone/30/bone_name = null
bone/30/damp = 3.14159
bone/31/bone_name = null
bone/31/damp = 3.14159
bone/32/bone_name = null
bone/32/damp = 3.14159
bone/33/bone_name = null
bone/33/damp = 3.14159
bone/34/bone_name = null
bone/34/damp = 3.14159
bone/35/bone_name = null
bone/35/damp = 3.14159
bone/36/bone_name = null
bone/36/damp = 3.14159
bone/37/bone_name = null
bone/37/damp = 3.14159
bone/38/bone_name = null
bone/38/damp = 3.14159
bone/39/bone_name = null
bone/39/damp = 3.14159
bone/40/bone_name = null
bone/40/damp = 3.14159
bone/41/bone_name = null
bone/41/damp = 3.14159
bone/42/bone_name = null
bone/42/damp = 3.14159
bone/43/bone_name = null
bone/43/damp = 3.14159
bone/44/bone_name = null
bone/44/damp = 3.14159
bone/45/bone_name = null
bone/45/damp = 3.14159
bone/46/bone_name = null
bone/46/damp = 3.14159
bone/47/bone_name = null
bone/47/damp = 3.14159
bone/48/bone_name = null
bone/48/damp = 3.14159
bone/49/bone_name = null
bone/49/damp = 3.14159
bone/50/bone_name = null
bone/50/damp = 3.14159
bone/51/bone_name = null
bone/51/damp = 3.14159
bone/52/bone_name = null
bone/52/damp = 3.14159
bone/53/bone_name = null
bone/53/damp = 3.14159
bone/54/bone_name = null
bone/54/damp = 3.14159
bone/55/bone_name = null
bone/55/damp = 3.14159
bone/56/bone_name = null
bone/56/damp = 3.14159
bone/57/bone_name = null
bone/57/damp = 3.14159
bone/58/bone_name = null
bone/58/damp = 3.14159
bone/59/bone_name = null
bone/59/damp = 3.14159
bone/60/bone_name = null
bone/60/damp = 3.14159
bone/61/bone_name = null
bone/61/damp = 3.14159
bone/62/bone_name = null
bone/62/damp = 3.14159
bone/63/bone_name = null
bone/63/damp = 3.14159
bone/64/bone_name = null
bone/64/damp = 3.14159
bone/65/bone_name = null
bone/65/damp = 3.14159
bone/66/bone_name = null
bone/66/damp = 3.14159
bone/67/bone_name = null
bone/67/damp = 3.14159
bone/68/bone_name = null
bone/68/damp = 3.14159
bone/69/bone_name = null
bone/69/damp = 3.14159
bone/70/bone_name = null
bone/70/damp = 3.14159
bone/71/bone_name = null
bone/71/damp = 3.14159
bone/72/bone_name = null
bone/72/damp = 3.14159
bone/73/bone_name = null
bone/73/damp = 3.14159
bone/74/bone_name = null
bone/74/damp = 3.14159
bone/75/bone_name = null
bone/75/damp = 3.14159
bone/76/bone_name = null
bone/76/damp = 3.14159
bone/77/bone_name = null
bone/77/damp = 3.14159
bone/78/bone_name = null
bone/78/damp = 3.14159
bone/79/bone_name = null
bone/79/damp = 3.14159
bone/80/bone_name = null
bone/80/damp = 3.14159
bone/81/bone_name = null
bone/81/damp = 3.14159
bone/82/bone_name = null
bone/82/damp = 3.14159
bone/83/bone_name = null
bone/83/damp = 3.14159
bone/84/bone_name = null
bone/84/damp = 3.14159
bone/85/bone_name = null
bone/85/damp = 3.14159
bone/86/bone_name = null
bone/86/damp = 3.14159
bone/87/bone_name = null
bone/87/damp = 3.14159
bone/88/bone_name = null
bone/88/damp = 3.14159
bone/89/bone_name = null
bone/89/damp = 3.14159
bone/90/bone_name = null
bone/90/damp = 3.14159
bone/91/bone_name = null
bone/91/damp = 3.14159
bone/92/bone_name = null
bone/92/damp = 3.14159
bone/93/bone_name = null
bone/93/damp = 3.14159
bone/94/bone_name = null
bone/94/damp = 3.14159
bone/95/bone_name = null
bone/95/damp = 3.14159
bone/96/bone_name = null
bone/96/damp = 3.14159
bone/97/bone_name = null
bone/97/damp = 3.14159
bone/98/bone_name = null
bone/98/damp = 3.14159
bone/99/bone_name = null
bone/99/damp = 3.14159
bone/100/bone_name = null
bone/100/damp = 3.14159
bone/101/bone_name = null
bone/101/damp = 3.14159
bone/102/bone_name = null
bone/102/damp = 3.14159
bone/103/bone_name = null
bone/103/damp = 3.14159
bone/104/bone_name = null
bone/104/damp = 3.14159
bone/105/bone_name = null
bone/105/damp = 3.14159
bone/106/bone_name = null
bone/106/damp = 3.14159
bone/107/bone_name = null
bone/107/damp = 3.14159
bone/108/bone_name = null
bone/108/damp = 3.14159
bone/109/bone_name = null
bone/109/damp = 3.14159
bone/110/bone_name = null
bone/110/damp = 3.14159
bone/111/bone_name = null
bone/111/damp = 3.14159
bone/112/bone_name = null
bone/112/damp = 3.14159
bone/113/bone_name = null
bone/113/damp = 3.14159
bone/114/bone_name = null
bone/114/damp = 3.14159
bone/115/bone_name = null
bone/115/damp = 3.14159
bone/116/bone_name = null
bone/116/damp = 3.14159
bone/117/bone_name = null
bone/117/damp = 3.14159
bone/118/bone_name = null
bone/118/damp = 3.14159
bone/119/bone_name = null
bone/119/damp = 3.14159
bone/120/bone_name = null
bone/120/damp = 3.14159
bone/121/bone_name = null
bone/121/damp = 3.14159
bone/122/bone_name = null
bone/122/damp = 3.14159
bone/123/bone_name = null
bone/123/damp = 3.14159
bone/124/bone_name = null
bone/124/damp = 3.14159
bone/125/bone_name = null
bone/125/damp = 3.14159
bone/126/bone_name = null
bone/126/damp = 3.14159
bone/127/bone_name = null
bone/127/damp = 3.14159
bone/128/bone_name = null
bone/128/damp = 3.14159
bone/129/bone_name = null
bone/129/damp = 3.14159
bone/130/bone_name = null
bone/130/damp = 3.14159
bone/131/bone_name = null
bone/131/damp = 3.14159
bone/132/bone_name = null
bone/132/damp = 3.14159
bone/133/bone_name = null
bone/133/damp = 3.14159
bone/134/bone_name = null
bone/134/damp = 3.14159
constraint_count = 135
constraints/0/bone_name = &"Hips"
constraints/0/twist_from = 3.14159
constraints/0/twist_range = 6.28318
constraints/0/twist_current = 0.368745
constraints/0/kusudama_limit_cone_count = 3
constraints/0/kusudama_limit_cone/0/center = Vector3(0, 1, 0)
constraints/0/kusudama_limit_cone/0/radius = 1.5708
constraints/0/kusudama_limit_cone/1/center = Vector3(0, 1, 0)
constraints/0/kusudama_limit_cone/1/radius = 1.5708
constraints/0/kusudama_limit_cone/2/center = Vector3(0, 1, 0)
constraints/0/kusudama_limit_cone/2/radius = 1.5708
constraints/0/kusudama_twist = Transform3D(1, -1.59295e-11, -1.732e-13, 1.59303e-11, 0.999893, 0.0146082, -5.95193e-14, -0.0146082, 0.999893, -2.3315e-11, 0.721278, -0.02108)
constraints/0/kusudama_orientation = Transform3D(0.996669, -0.0802136, 0.0147354, 0.0815001, 0.986276, -0.143589, -0.00301542, 0.144311, 0.989528, -0.0259061, 0.708195, -0.0237789)
constraints/0/bone_direction = Transform3D(0.678445, -0.732852, -0.0513866, -0.0389673, 0.0339507, -0.998664, 0.733617, 0.67954, -0.00552364, -0.0259061, 0.708195, -0.0237789)
constraints/1/bone_name = &"LeftUpperLeg"
constraints/1/twist_from = 3.14159
constraints/1/twist_range = 6.28318
constraints/1/twist_current = 0.817714
constraints/1/kusudama_limit_cone_count = 3
constraints/1/kusudama_limit_cone/0/center = Vector3(0, 1, 0)
constraints/1/kusudama_limit_cone/0/radius = 1.5708
constraints/1/kusudama_limit_cone/1/center = Vector3(0, 1, 0)
constraints/1/kusudama_limit_cone/1/radius = 1.5708
constraints/1/kusudama_limit_cone/2/center = Vector3(0, 1, 0)
constraints/1/kusudama_limit_cone/2/radius = 1.5708
constraints/1/kusudama_twist = Transform3D(1, 8.57135e-06, -2.87385e-05, 2.54017e-05, 0.267298, 0.963614, 1.59412e-05, -0.963614, 0.267298, 0.060018, 0.700063, 0.0180772)
constraints/1/kusudama_orientation = Transform3D(0.678447, 0.703854, -0.210472, -0.0389982, 0.320594, 0.946413, 0.733613, -0.633884, 0.244955, -0.0136363, 0.682496, 0.045332)
constraints/1/bone_direction = Transform3D(-0.909724, 0.181978, 0.37321, -0.26791, -0.943962, -0.192771, 0.317216, -0.275355, 0.907498, -0.0136363, 0.682496, 0.045332)
constraints/2/bone_name = &"LeftLowerLeg"
constraints/2/twist_from = 3.14159
constraints/2/twist_range = 6.28318
constraints/2/twist_current = 0.0290145
constraints/2/kusudama_limit_cone_count = 3
constraints/2/kusudama_limit_cone/0/center = Vector3(0, 1, 0)
constraints/2/kusudama_limit_cone/0/radius = 1.5708
constraints/2/kusudama_limit_cone/1/center = Vector3(0, 1, 0)
constraints/2/kusudama_limit_cone/1/radius = 1.5708
constraints/2/kusudama_limit_cone/2/center = Vector3(0, 1, 0)
constraints/2/kusudama_limit_cone/2/radius = 1.5708
constraints/2/kusudama_twist = Transform3D(-0.805239, -0.0337755, 0.591988, -0.104151, -0.974798, -0.197285, 0.583732, -0.220518, 0.781427, 0.0496269, 0.405432, -0.0338208)
constraints/2/kusudama_orientation = Transform3D(-0.914868, 0.169388, 0.366504, -0.240067, -0.958063, -0.156468, 0.32463, -0.231133, 0.917165, 0.0331872, 0.39213, -0.0104615)
constraints/2/bone_direction = Transform3D(0.981297, 0.11657, -0.153194, 0.104505, -0.99092, -0.0846003, -0.161665, 0.0670083, -0.984568, 0.0331872, 0.39213, -0.0104615)
constraints/3/bone_name = &"LeftFoot"
constraints/3/twist_from = 3.14159
constraints/3/twist_range = 6.28318
constraints/3/twist_current = 0.015259
constraints/3/kusudama_limit_cone_count = 3
constraints/3/kusudama_limit_cone/0/center = Vector3(0, 1, 0)
constraints/3/kusudama_limit_cone/0/radius = 1.5708
constraints/3/kusudama_limit_cone/1/center = Vector3(0, 1, 0)
constraints/3/kusudama_limit_cone/1/radius = 1.5708
constraints/3/kusudama_limit_cone/2/center = Vector3(0, 1, 0)
constraints/3/kusudama_limit_cone/2/radius = 1.5708
constraints/3/kusudama_twist = Transform3D(0.847794, 0.040847, -0.52875, 0.0129276, -0.998325, -0.0563947, -0.530168, 0.0409756, -0.846902, 0.038517, 0.0701469, -0.0341737)
constraints/3/kusudama_orientation = Transform3D(0.984975, 0.0650108, -0.159994, 0.0642192, -0.997885, -0.0101188, -0.160314, -0.000308078, -0.987066, 0.0375438, 0.0573901, -0.0331497)
constraints/3/bone_direction = Transform3D(-1, 9.63659e-05, 1.84209e-07, 2.61936e-07, -0.000302199, 1, 9.65194e-05, 0.999999, 0.000302453, 0.0375438, 0.0573901, -0.0331497)
constraints/4/bone_name = &"LeftToes"
constraints/4/twist_from = 3.14159
constraints/4/twist_range = 6.28318
constraints/4/twist_current = null
constraints/4/kusudama_limit_cone_count = 3
constraints/4/kusudama_limit_cone/0/center = Vector3(0, 1, 0)
constraints/4/kusudama_limit_cone/0/radius = 1.5708
constraints/4/kusudama_limit_cone/1/center = Vector3(0, 1, 0)
constraints/4/kusudama_limit_cone/1/radius = 1.5708
constraints/4/kusudama_limit_cone/2/center = Vector3(0, 1, 0)
constraints/4/kusudama_limit_cone/2/radius = 1.5708
constraints/4/kusudama_twist = Transform3D(1, 0, 0, 0, 1, 0, 0, 0, 1, 0, 0, 0)
constraints/4/kusudama_orientation = Transform3D(1, 0, 0, 0, 1, 0, 0, 0, 1, 0, 0, 0)
constraints/4/bone_direction = Transform3D(1, 0, 0, 0, 1, 0, 0, 0, 1, 0, 0, 0)
constraints/5/bone_name = &"RightUpperLeg"
constraints/5/twist_from = 3.14159
constraints/5/twist_range = 6.28318
constraints/5/twist_current = 0.983524
constraints/5/kusudama_limit_cone_count = 3
constraints/5/kusudama_limit_cone/0/center = Vector3(0, 1, 0)
constraints/5/kusudama_limit_cone/0/radius = 1.5708
constraints/5/kusudama_limit_cone/1/center = Vector3(0, 1, 0)
constraints/5/kusudama_limit_cone/1/radius = 1.5708
constraints/5/kusudama_limit_cone/2/center = Vector3(0, 1, 0)
constraints/5/kusudama_limit_cone/2/radius = 1.5708
constraints/5/kusudama_twist = Transform3D(1, 8.57135e-06, -2.87385e-05, 2.54017e-05, 0.267298, 0.963614, 1.59412e-05, -0.963614, 0.267298, -0.0600179, 0.700052, 0.0180756)
constraints/5/kusudama_orientation = Transform3D(0.678447, 0.703854, -0.210472, -0.0389982, 0.320594, 0.946413, 0.733613, -0.633884, 0.244955, -0.0950875, 0.687146, -0.0427421)
constraints/5/bone_direction = Transform3D(-0.733945, 0.221296, -0.642147, -0.00426382, -0.946916, -0.321452, -0.679195, -0.23319, 0.695928, -0.0950875, 0.687146, -0.0427421)
constraints/6/bone_name = &"RightLowerLeg"
constraints/6/twist_from = 3.14159
constraints/6/twist_range = 6.28318
constraints/6/twist_current = 0.787853
constraints/6/kusudama_limit_cone_count = 3
constraints/6/kusudama_limit_cone/0/center = Vector3(0, 1, 0)
constraints/6/kusudama_limit_cone/0/radius = 1.5708
constraints/6/kusudama_limit_cone/1/center = Vector3(0, 1, 0)
constraints/6/kusudama_limit_cone/1/radius = 1.5708
constraints/6/kusudama_limit_cone/2/center = Vector3(0, 1, 0)
constraints/6/kusudama_limit_cone/2/radius = 1.5708
constraints/6/kusudama_twist = Transform3D(-0.805214, 0.0337799, -0.592022, 0.104152, -0.9748, -0.197278, -0.583767, -0.220511, 0.781403, -0.0496252, 0.405427, -0.0338171)
constraints/6/kusudama_orientation = Transform3D(-0.727513, 0.21802, -0.650532, -0.0321546, -0.957961, -0.285092, -0.68534, -0.18649, 0.703939, -0.0309531, 0.397737, -0.0844629)
constraints/6/bone_direction = Transform3D(0.845918, -0.00792617, -0.533254, -0.106015, -0.982434, -0.153572, -0.522669, 0.186443, -0.831899, -0.0309531, 0.397737, -0.0844629)
constraints/7/bone_name = &"RightFoot"
constraints/7/twist_from = 3.14159
constraints/7/twist_range = 6.28318
constraints/7/twist_current = 0.0913166
constraints/7/kusudama_limit_cone_count = 3
constraints/7/kusudama_limit_cone/0/center = Vector3(0, 1, 0)
constraints/7/kusudama_limit_cone/0/radius = 1.5708
constraints/7/kusudama_limit_cone/1/center = Vector3(0, 1, 0)
constraints/7/kusudama_limit_cone/1/radius = 1.5708
constraints/7/kusudama_limit_cone/2/center = Vector3(0, 1, 0)
constraints/7/kusudama_limit_cone/2/radius = 1.5708
constraints/7/kusudama_twist = Transform3D(0.847677, -0.04086, 0.528937, -0.0129419, -0.998326, -0.0563792, 0.530354, 0.040946, -0.846787, -0.0385154, 0.0701453, -0.0341729)
constraints/7/kusudama_orientation = Transform3D(0.846353, -0.013552, -0.53245, -0.065961, -0.994648, -0.0795318, -0.528522, 0.102433, -0.842717, -0.037355, 0.0623198, -0.07853)
constraints/7/bone_direction = Transform3D(-1, 2.55024e-05, -3.71379e-06, -3.53767e-06, -2.89455e-06, 1, 2.58251e-05, 1, 3.02866e-06, -0.037355, 0.0623198, -0.07853)
constraints/8/bone_name = &"RightToes"
constraints/8/twist_from = 3.14159
constraints/8/twist_range = 6.28318
constraints/8/twist_current = null
constraints/8/kusudama_limit_cone_count = 3
constraints/8/kusudama_limit_cone/0/center = Vector3(0, 1, 0)
constraints/8/kusudama_limit_cone/0/radius = 1.5708
constraints/8/kusudama_limit_cone/1/center = Vector3(0, 1, 0)
constraints/8/kusudama_limit_cone/1/radius = 1.5708
constraints/8/kusudama_limit_cone/2/center = Vector3(0, 1, 0)
constraints/8/kusudama_limit_cone/2/radius = 1.5708
constraints/8/kusudama_twist = Transform3D(1, 0, 0, 0, 1, 0, 0, 0, 1, 0, 0, 0)
constraints/8/kusudama_orientation = Transform3D(1, 0, 0, 0, 1, 0, 0, 0, 1, 0, 0, 0)
constraints/8/bone_direction = Transform3D(1, 0, 0, 0, 1, 0, 0, 0, 1, 0, 0, 0)
constraints/9/bone_name = &"Spine"
constraints/9/twist_from = 3.14159
constraints/9/twist_range = 6.28318
constraints/9/twist_current = 0.5
constraints/9/kusudama_limit_cone_count = 3
constraints/9/kusudama_limit_cone/0/center = Vector3(0, 1, 0)
constraints/9/kusudama_limit_cone/0/radius = 1.5708
constraints/9/kusudama_limit_cone/1/center = Vector3(0, 1, 0)
constraints/9/kusudama_limit_cone/1/radius = 1.5708
constraints/9/kusudama_limit_cone/2/center = Vector3(0, 1, 0)
constraints/9/kusudama_limit_cone/2/radius = 1.5708
constraints/9/kusudama_twist = Transform3D(1, 8.57135e-06, -2.87385e-05, 2.54017e-05, 0.267298, 0.963614, 1.59412e-05, -0.963614, 0.267298, 2.91323e-07, 0.730388, -0.0537926)
constraints/9/kusudama_orientation = Transform3D(0.678447, 0.703854, -0.210472, -0.0389982, 0.320594, 0.946413, 0.733613, -0.633884, 0.244955, -0.00200772, 0.719108, -0.0453)
constraints/9/bone_direction = Transform3D(0.68401, 0.00893401, -0.729418, -0.0239474, 0.999661, -0.0102126, 0.729079, 0.0244532, 0.683992, -0.00200772, 0.719108, -0.0453)
constraints/10/bone_name = &"Spine1"
constraints/10/twist_from = 3.14159
constraints/10/twist_range = 6.28318
constraints/10/twist_current = 0.500003
constraints/10/kusudama_limit_cone_count = 3
constraints/10/kusudama_limit_cone/0/center = Vector3(0, 1, 0)
constraints/10/kusudama_limit_cone/0/radius = 1.5708
constraints/10/kusudama_limit_cone/1/center = Vector3(0, 1, 0)
constraints/10/kusudama_limit_cone/1/radius = 1.5708
constraints/10/kusudama_limit_cone/2/center = Vector3(0, 1, 0)
constraints/10/kusudama_limit_cone/2/radius = 1.5708
constraints/10/kusudama_twist = Transform3D(1, -2.8044e-05, -2.22084e-05, 2.76627e-05, 0.999856, -0.0169854, 2.26815e-05, 0.0169854, 0.999856, -1.59509e-06, 0.797204, -0.0525938)
constraints/10/kusudama_orientation = Transform3D(0.68401, 0.00823803, -0.729426, -0.0239472, 0.999651, -0.0111663, 0.729079, 0.0251056, 0.683969, -0.00150284, 0.785936, -0.0435773)
constraints/10/bone_direction = Transform3D(0.6879, -0.145522, -0.711067, -0.0223307, 0.974987, -0.221138, 0.725461, 0.167999, 0.667444, -0.00150284, 0.785936, -0.0435773)
constraints/11/bone_name = &"Chest"
constraints/11/twist_from = 3.14159
constraints/11/twist_range = 6.28318
constraints/11/twist_current = 0.637154
constraints/11/kusudama_limit_cone_count = 3
constraints/11/kusudama_limit_cone/0/center = Vector3(0, 1, 0)
constraints/11/kusudama_limit_cone/0/radius = 1.5708
constraints/11/kusudama_limit_cone/1/center = Vector3(0, 1, 0)
constraints/11/kusudama_limit_cone/1/radius = 1.5708
constraints/11/kusudama_limit_cone/2/center = Vector3(0, 1, 0)
constraints/11/kusudama_limit_cone/2/radius = 1.5708
constraints/11/kusudama_twist = Transform3D(1, -2.78564e-05, -1.51567e-05, 2.54645e-05, 0.990183, -0.139774, 1.89015e-05, 0.139774, 0.990183, -3.95231e-06, 0.8857, -0.0494955)
constraints/11/kusudama_orientation = Transform3D(0.6879, -0.0700245, -0.722419, -0.0223302, 0.992822, -0.117498, 0.725461, 0.0969587, 0.681399, -0.000948743, 0.874462, -0.0413768)
constraints/11/bone_direction = Transform3D(0.997636, 0.035664, 0.0587424, -0.00348148, 0.879926, -0.475098, -0.0686333, 0.47377, 0.87797, -0.000948743, 0.874462, -0.0413768)
constraints/12/bone_name = &"LeftCord1"
constraints/12/twist_from = 3.14159
constraints/12/twist_range = 6.28318
constraints/12/twist_current = null
constraints/12/kusudama_limit_cone_count = 3
constraints/12/kusudama_limit_cone/0/center = Vector3(0, 1, 0)
constraints/12/kusudama_limit_cone/0/radius = 1.5708
constraints/12/kusudama_limit_cone/1/center = Vector3(0, 1, 0)
constraints/12/kusudama_limit_cone/1/radius = 1.5708
constraints/12/kusudama_limit_cone/2/center = Vector3(0, 1, 0)
constraints/12/kusudama_limit_cone/2/radius = 1.5708
constraints/12/kusudama_twist = Transform3D(1, 0, 0, 0, 1, 0, 0, 0, 1, 0, 0, 0)
constraints/12/kusudama_orientation = Transform3D(1, 0, 0, 0, 1, 0, 0, 0, 1, 0, 0, 0)
constraints/12/bone_direction = Transform3D(1, 0, 0, 0, 1, 0, 0, 0, 1, 0, 0, 0)
constraints/13/bone_name = &"LeftCord2"
constraints/13/twist_from = 3.14159
constraints/13/twist_range = 6.28318
constraints/13/twist_current = null
constraints/13/kusudama_limit_cone_count = 3
constraints/13/kusudama_limit_cone/0/center = Vector3(0, 1, 0)
constraints/13/kusudama_limit_cone/0/radius = 1.5708
constraints/13/kusudama_limit_cone/1/center = Vector3(0, 1, 0)
constraints/13/kusudama_limit_cone/1/radius = 1.5708
constraints/13/kusudama_limit_cone/2/center = Vector3(0, 1, 0)
constraints/13/kusudama_limit_cone/2/radius = 1.5708
constraints/13/kusudama_twist = Transform3D(1, 0, 0, 0, 1, 0, 0, 0, 1, 0, 0, 0)
constraints/13/kusudama_orientation = Transform3D(1, 0, 0, 0, 1, 0, 0, 0, 1, 0, 0, 0)
constraints/13/bone_direction = Transform3D(1, 0, 0, 0, 1, 0, 0, 0, 1, 0, 0, 0)
constraints/14/bone_name = &"LeftCord3"
constraints/14/twist_from = 3.14159
constraints/14/twist_range = 6.28318
constraints/14/twist_current = null
constraints/14/kusudama_limit_cone_count = 3
constraints/14/kusudama_limit_cone/0/center = Vector3(0, 1, 0)
constraints/14/kusudama_limit_cone/0/radius = 1.5708
constraints/14/kusudama_limit_cone/1/center = Vector3(0, 1, 0)
constraints/14/kusudama_limit_cone/1/radius = 1.5708
constraints/14/kusudama_limit_cone/2/center = Vector3(0, 1, 0)
constraints/14/kusudama_limit_cone/2/radius = 1.5708
constraints/14/kusudama_twist = Transform3D(1, 0, 0, 0, 1, 0, 0, 0, 1, 0, 0, 0)
constraints/14/kusudama_orientation = Transform3D(1, 0, 0, 0, 1, 0, 0, 0, 1, 0, 0, 0)
constraints/14/bone_direction = Transform3D(1, 0, 0, 0, 1, 0, 0, 0, 1, 0, 0, 0)
constraints/15/bone_name = &"LeftShoulder"
constraints/15/twist_from = 3.14159
constraints/15/twist_range = 6.28318
constraints/15/twist_current = 0.288639
constraints/15/kusudama_limit_cone_count = 3
constraints/15/kusudama_limit_cone/0/center = Vector3(0, 1, 0)
constraints/15/kusudama_limit_cone/0/radius = 1.5708
constraints/15/kusudama_limit_cone/1/center = Vector3(0, 1, 0)
constraints/15/kusudama_limit_cone/1/radius = 1.5708
constraints/15/kusudama_limit_cone/2/center = Vector3(0, 1, 0)
constraints/15/kusudama_limit_cone/2/radius = 1.5708
constraints/15/kusudama_twist = Transform3D(1, -3.93285e-06, 5.00114e-06, 5.32263e-06, 0.947765, -0.318969, -3.48544e-06, 0.318969, 0.947765, 0.0299958, 0.977389, -0.0375953)
constraints/15/kusudama_orientation = Transform3D(0.997636, 0.0220923, 0.0650729, -0.00348078, 0.961946, -0.273217, -0.068633, 0.272344, 0.959749, 0.0298186, 0.966533, -0.0359825)
constraints/15/bone_direction = Transform3D(0.138373, 0.989709, -0.0364352, -0.437864, 0.0941338, 0.8941, 0.888328, -0.107766, 0.446384, 0.0298186, 0.966533, -0.0359825)
constraints/16/bone_name = &"LeftUpperArm"
constraints/16/twist_from = 3.14159
constraints/16/twist_range = 6.28318
constraints/16/twist_current = 0.0259306
constraints/16/kusudama_limit_cone_count = 3
constraints/16/kusudama_limit_cone/0/center = Vector3(0, 1, 0)
constraints/16/kusudama_limit_cone/0/radius = 1.5708
constraints/16/kusudama_limit_cone/1/center = Vector3(0, 1, 0)
constraints/16/kusudama_limit_cone/1/radius = 1.5708
constraints/16/kusudama_limit_cone/2/center = Vector3(0, 1, 0)
constraints/16/kusudama_limit_cone/2/radius = 1.5708
constraints/16/kusudama_twist = Transform3D(0.0294172, 0.997638, -0.0620685, -0.474755, 0.0685893, 0.877441, 0.879626, 0.00365553, 0.475651, 0.0910289, 0.981567, -0.0373791)
constraints/16/kusudama_orientation = Transform3D(0.13834, 0.989725, -0.0361244, -0.437867, 0.0938386, 0.894129, 0.888332, -0.107877, 0.44635, 0.0903823, 0.972255, -0.0425965)
constraints/16/bone_direction = Transform3D(-0.0328526, 0.995435, 0.0895929, 0.587341, 0.0917579, -0.804122, -0.808673, 0.0262029, -0.587675, 0.0903823, 0.972255, -0.0425965)
constraints/17/bone_name = &"LeftLowerArm"
constraints/17/twist_from = 3.14159
constraints/17/twist_range = 6.28318
constraints/17/twist_current = 0.278142
constraints/17/kusudama_limit_cone_count = 3
constraints/17/kusudama_limit_cone/0/center = Vector3(0, 1, 0)
constraints/17/kusudama_limit_cone/0/radius = 1.5708
constraints/17/kusudama_limit_cone/1/center = Vector3(0, 1, 0)
constraints/17/kusudama_limit_cone/1/radius = 1.5708
constraints/17/kusudama_limit_cone/2/center = Vector3(0, 1, 0)
constraints/17/kusudama_limit_cone/2/radius = 1.5708
constraints/17/kusudama_twist = Transform3D(-0.0450843, 0.997505, 0.0543181, 0.629082, 0.0705869, -0.774128, -0.776031, -0.000730505, -0.630695, 0.250707, 0.992602, -0.037876)
constraints/17/kusudama_orientation = Transform3D(-0.033651, 0.995654, 0.0868275, 0.587268, 0.0899949, -0.804375, -0.808693, 0.0239218, -0.587744, 0.249803, 0.986373, -0.0391295)
constraints/17/bone_direction = Transform3D(0.0740454, 0.995537, 0.0584329, -0.68904, 0.0934308, -0.718676, -0.720931, 0.0129502, 0.692885, 0.249803, 0.986373, -0.0391295)
constraints/18/bone_name = &"LeftHand"
constraints/18/twist_from = 3.14159
constraints/18/twist_range = 6.28318
constraints/18/twist_current = 0.621765
constraints/18/kusudama_limit_cone_count = 3
constraints/18/kusudama_limit_cone/0/center = Vector3(0, 1, 0)
constraints/18/kusudama_limit_cone/0/radius = 1.5708
constraints/18/kusudama_limit_cone/1/center = Vector3(0, 1, 0)
constraints/18/kusudama_limit_cone/1/radius = 1.5708
constraints/18/kusudama_limit_cone/2/center = Vector3(0, 1, 0)
constraints/18/kusudama_limit_cone/2/radius = 1.5708
constraints/18/kusudama_twist = Transform3D(0.0352025, 0.99869, 0.0371229, -0.653163, 0.0511058, -0.755491, -0.756399, 0.00234788, 0.654107, 0.40058, 1.00005, -0.0379159)
constraints/18/kusudama_orientation = Transform3D(0.0711212, 0.995715, 0.0590301, -0.689312, 0.0918377, -0.718621, -0.720966, 0.0104172, 0.692892, 0.399285, 0.999919, -0.0379445)
constraints/18/bone_direction = Transform3D(-6.29972e-07, 0.999989, 3.93018e-07, 1.31229e-06, -1.24425e-06, -1, -1, -2.52797e-06, -1.43118e-06, 0.399285, 0.999919, -0.0379445)
constraints/19/bone_name = &"LeftIndexProximal"
constraints/19/twist_from = 3.14159
constraints/19/twist_range = 6.28318
constraints/19/twist_current = null
constraints/19/kusudama_limit_cone_count = 3
constraints/19/kusudama_limit_cone/0/center = Vector3(0, 1, 0)
constraints/19/kusudama_limit_cone/0/radius = 1.5708
constraints/19/kusudama_limit_cone/1/center = Vector3(0, 1, 0)
constraints/19/kusudama_limit_cone/1/radius = 1.5708
constraints/19/kusudama_limit_cone/2/center = Vector3(0, 1, 0)
constraints/19/kusudama_limit_cone/2/radius = 1.5708
constraints/19/kusudama_twist = Transform3D(1, 0, 0, 0, 1, 0, 0, 0, 1, 0, 0, 0)
constraints/19/kusudama_orientation = Transform3D(1, 0, 0, 0, 1, 0, 0, 0, 1, 0, 0, 0)
constraints/19/bone_direction = Transform3D(1, 0, 0, 0, 1, 0, 0, 0, 1, 0, 0, 0)
constraints/20/bone_name = &"LeftIndexIntermediate"
constraints/20/twist_from = 3.14159
constraints/20/twist_range = 6.28318
constraints/20/twist_current = null
constraints/20/kusudama_limit_cone_count = 3
constraints/20/kusudama_limit_cone/0/center = Vector3(0, 1, 0)
constraints/20/kusudama_limit_cone/0/radius = 1.5708
constraints/20/kusudama_limit_cone/1/center = Vector3(0, 1, 0)
constraints/20/kusudama_limit_cone/1/radius = 1.5708
constraints/20/kusudama_limit_cone/2/center = Vector3(0, 1, 0)
constraints/20/kusudama_limit_cone/2/radius = 1.5708
constraints/20/kusudama_twist = Transform3D(1, 0, 0, 0, 1, 0, 0, 0, 1, 0, 0, 0)
constraints/20/kusudama_orientation = Transform3D(1, 0, 0, 0, 1, 0, 0, 0, 1, 0, 0, 0)
constraints/20/bone_direction = Transform3D(1, 0, 0, 0, 1, 0, 0, 0, 1, 0, 0, 0)
constraints/21/bone_name = &"LeftIndexDistal"
constraints/21/twist_from = 3.14159
constraints/21/twist_range = 6.28318
constraints/21/twist_current = null
constraints/21/kusudama_limit_cone_count = 3
constraints/21/kusudama_limit_cone/0/center = Vector3(0, 1, 0)
constraints/21/kusudama_limit_cone/0/radius = 1.5708
constraints/21/kusudama_limit_cone/1/center = Vector3(0, 1, 0)
constraints/21/kusudama_limit_cone/1/radius = 1.5708
constraints/21/kusudama_limit_cone/2/center = Vector3(0, 1, 0)
constraints/21/kusudama_limit_cone/2/radius = 1.5708
constraints/21/kusudama_twist = Transform3D(1, 0, 0, 0, 1, 0, 0, 0, 1, 0, 0, 0)
constraints/21/kusudama_orientation = Transform3D(1, 0, 0, 0, 1, 0, 0, 0, 1, 0, 0, 0)
constraints/21/bone_direction = Transform3D(1, 0, 0, 0, 1, 0, 0, 0, 1, 0, 0, 0)
constraints/22/bone_name = &"LeftHandIndex4"
constraints/22/twist_from = 3.14159
constraints/22/twist_range = 6.28318
constraints/22/twist_current = null
constraints/22/kusudama_limit_cone_count = 3
constraints/22/kusudama_limit_cone/0/center = Vector3(0, 1, 0)
constraints/22/kusudama_limit_cone/0/radius = 1.5708
constraints/22/kusudama_limit_cone/1/center = Vector3(0, 1, 0)
constraints/22/kusudama_limit_cone/1/radius = 1.5708
constraints/22/kusudama_limit_cone/2/center = Vector3(0, 1, 0)
constraints/22/kusudama_limit_cone/2/radius = 1.5708
constraints/22/kusudama_twist = Transform3D(1, 0, 0, 0, 1, 0, 0, 0, 1, 0, 0, 0)
constraints/22/kusudama_orientation = Transform3D(1, 0, 0, 0, 1, 0, 0, 0, 1, 0, 0, 0)
constraints/22/bone_direction = Transform3D(1, 0, 0, 0, 1, 0, 0, 0, 1, 0, 0, 0)
constraints/23/bone_name = &"LeftMiddleProximal"
constraints/23/twist_from = 3.14159
constraints/23/twist_range = 6.28318
constraints/23/twist_current = null
constraints/23/kusudama_limit_cone_count = 3
constraints/23/kusudama_limit_cone/0/center = Vector3(0, 1, 0)
constraints/23/kusudama_limit_cone/0/radius = 1.5708
constraints/23/kusudama_limit_cone/1/center = Vector3(0, 1, 0)
constraints/23/kusudama_limit_cone/1/radius = 1.5708
constraints/23/kusudama_limit_cone/2/center = Vector3(0, 1, 0)
constraints/23/kusudama_limit_cone/2/radius = 1.5708
constraints/23/kusudama_twist = Transform3D(1, 0, 0, 0, 1, 0, 0, 0, 1, 0, 0, 0)
constraints/23/kusudama_orientation = Transform3D(1, 0, 0, 0, 1, 0, 0, 0, 1, 0, 0, 0)
constraints/23/bone_direction = Transform3D(1, 0, 0, 0, 1, 0, 0, 0, 1, 0, 0, 0)
constraints/24/bone_name = &"LeftMiddleIntermediate"
constraints/24/twist_from = 3.14159
constraints/24/twist_range = 6.28318
constraints/24/twist_current = null
constraints/24/kusudama_limit_cone_count = 3
constraints/24/kusudama_limit_cone/0/center = Vector3(0, 1, 0)
constraints/24/kusudama_limit_cone/0/radius = 1.5708
constraints/24/kusudama_limit_cone/1/center = Vector3(0, 1, 0)
constraints/24/kusudama_limit_cone/1/radius = 1.5708
constraints/24/kusudama_limit_cone/2/center = Vector3(0, 1, 0)
constraints/24/kusudama_limit_cone/2/radius = 1.5708
constraints/24/kusudama_twist = Transform3D(1, 0, 0, 0, 1, 0, 0, 0, 1, 0, 0, 0)
constraints/24/kusudama_orientation = Transform3D(1, 0, 0, 0, 1, 0, 0, 0, 1, 0, 0, 0)
constraints/24/bone_direction = Transform3D(1, 0, 0, 0, 1, 0, 0, 0, 1, 0, 0, 0)
constraints/25/bone_name = &"LeftMiddleDistal"
constraints/25/twist_from = 3.14159
constraints/25/twist_range = 6.28318
constraints/25/twist_current = null
constraints/25/kusudama_limit_cone_count = 3
constraints/25/kusudama_limit_cone/0/center = Vector3(0, 1, 0)
constraints/25/kusudama_limit_cone/0/radius = 1.5708
constraints/25/kusudama_limit_cone/1/center = Vector3(0, 1, 0)
constraints/25/kusudama_limit_cone/1/radius = 1.5708
constraints/25/kusudama_limit_cone/2/center = Vector3(0, 1, 0)
constraints/25/kusudama_limit_cone/2/radius = 1.5708
constraints/25/kusudama_twist = Transform3D(1, 0, 0, 0, 1, 0, 0, 0, 1, 0, 0, 0)
constraints/25/kusudama_orientation = Transform3D(1, 0, 0, 0, 1, 0, 0, 0, 1, 0, 0, 0)
constraints/25/bone_direction = Transform3D(1, 0, 0, 0, 1, 0, 0, 0, 1, 0, 0, 0)
constraints/26/bone_name = &"LeftHandMiddle4"
constraints/26/twist_from = 3.14159
constraints/26/twist_range = 6.28318
constraints/26/twist_current = null
constraints/26/kusudama_limit_cone_count = 3
constraints/26/kusudama_limit_cone/0/center = Vector3(0, 1, 0)
constraints/26/kusudama_limit_cone/0/radius = 1.5708
constraints/26/kusudama_limit_cone/1/center = Vector3(0, 1, 0)
constraints/26/kusudama_limit_cone/1/radius = 1.5708
constraints/26/kusudama_limit_cone/2/center = Vector3(0, 1, 0)
constraints/26/kusudama_limit_cone/2/radius = 1.5708
constraints/26/kusudama_twist = Transform3D(1, 0, 0, 0, 1, 0, 0, 0, 1, 0, 0, 0)
constraints/26/kusudama_orientation = Transform3D(1, 0, 0, 0, 1, 0, 0, 0, 1, 0, 0, 0)
constraints/26/bone_direction = Transform3D(1, 0, 0, 0, 1, 0, 0, 0, 1, 0, 0, 0)
constraints/27/bone_name = &"LeftLittleProximal"
constraints/27/twist_from = 3.14159
constraints/27/twist_range = 6.28318
constraints/27/twist_current = null
constraints/27/kusudama_limit_cone_count = 3
constraints/27/kusudama_limit_cone/0/center = Vector3(0, 1, 0)
constraints/27/kusudama_limit_cone/0/radius = 1.5708
constraints/27/kusudama_limit_cone/1/center = Vector3(0, 1, 0)
constraints/27/kusudama_limit_cone/1/radius = 1.5708
constraints/27/kusudama_limit_cone/2/center = Vector3(0, 1, 0)
constraints/27/kusudama_limit_cone/2/radius = 1.5708
constraints/27/kusudama_twist = Transform3D(1, 0, 0, 0, 1, 0, 0, 0, 1, 0, 0, 0)
constraints/27/kusudama_orientation = Transform3D(1, 0, 0, 0, 1, 0, 0, 0, 1, 0, 0, 0)
constraints/27/bone_direction = Transform3D(1, 0, 0, 0, 1, 0, 0, 0, 1, 0, 0, 0)
constraints/28/bone_name = &"LeftLittleIntermediate"
constraints/28/twist_from = 3.14159
constraints/28/twist_range = 6.28318
constraints/28/twist_current = null
constraints/28/kusudama_limit_cone_count = 3
constraints/28/kusudama_limit_cone/0/center = Vector3(0, 1, 0)
constraints/28/kusudama_limit_cone/0/radius = 1.5708
constraints/28/kusudama_limit_cone/1/center = Vector3(0, 1, 0)
constraints/28/kusudama_limit_cone/1/radius = 1.5708
constraints/28/kusudama_limit_cone/2/center = Vector3(0, 1, 0)
constraints/28/kusudama_limit_cone/2/radius = 1.5708
constraints/28/kusudama_twist = Transform3D(1, 0, 0, 0, 1, 0, 0, 0, 1, 0, 0, 0)
constraints/28/kusudama_orientation = Transform3D(1, 0, 0, 0, 1, 0, 0, 0, 1, 0, 0, 0)
constraints/28/bone_direction = Transform3D(1, 0, 0, 0, 1, 0, 0, 0, 1, 0, 0, 0)
constraints/29/bone_name = &"LeftLittleDistal"
constraints/29/twist_from = 3.14159
constraints/29/twist_range = 6.28318
constraints/29/twist_current = null
constraints/29/kusudama_limit_cone_count = 3
constraints/29/kusudama_limit_cone/0/center = Vector3(0, 1, 0)
constraints/29/kusudama_limit_cone/0/radius = 1.5708
constraints/29/kusudama_limit_cone/1/center = Vector3(0, 1, 0)
constraints/29/kusudama_limit_cone/1/radius = 1.5708
constraints/29/kusudama_limit_cone/2/center = Vector3(0, 1, 0)
constraints/29/kusudama_limit_cone/2/radius = 1.5708
constraints/29/kusudama_twist = Transform3D(1, 0, 0, 0, 1, 0, 0, 0, 1, 0, 0, 0)
constraints/29/kusudama_orientation = Transform3D(1, 0, 0, 0, 1, 0, 0, 0, 1, 0, 0, 0)
constraints/29/bone_direction = Transform3D(1, 0, 0, 0, 1, 0, 0, 0, 1, 0, 0, 0)
constraints/30/bone_name = &"LeftHandPinky4"
constraints/30/twist_from = 3.14159
constraints/30/twist_range = 6.28318
constraints/30/twist_current = null
constraints/30/kusudama_limit_cone_count = 3
constraints/30/kusudama_limit_cone/0/center = Vector3(0, 1, 0)
constraints/30/kusudama_limit_cone/0/radius = 1.5708
constraints/30/kusudama_limit_cone/1/center = Vector3(0, 1, 0)
constraints/30/kusudama_limit_cone/1/radius = 1.5708
constraints/30/kusudama_limit_cone/2/center = Vector3(0, 1, 0)
constraints/30/kusudama_limit_cone/2/radius = 1.5708
constraints/30/kusudama_twist = Transform3D(1, 0, 0, 0, 1, 0, 0, 0, 1, 0, 0, 0)
constraints/30/kusudama_orientation = Transform3D(1, 0, 0, 0, 1, 0, 0, 0, 1, 0, 0, 0)
constraints/30/bone_direction = Transform3D(1, 0, 0, 0, 1, 0, 0, 0, 1, 0, 0, 0)
constraints/31/bone_name = &"LeftRingProximal"
constraints/31/twist_from = 3.14159
constraints/31/twist_range = 6.28318
constraints/31/twist_current = null
constraints/31/kusudama_limit_cone_count = 3
constraints/31/kusudama_limit_cone/0/center = Vector3(0, 1, 0)
constraints/31/kusudama_limit_cone/0/radius = 1.5708
constraints/31/kusudama_limit_cone/1/center = Vector3(0, 1, 0)
constraints/31/kusudama_limit_cone/1/radius = 1.5708
constraints/31/kusudama_limit_cone/2/center = Vector3(0, 1, 0)
constraints/31/kusudama_limit_cone/2/radius = 1.5708
constraints/31/kusudama_twist = Transform3D(1, 0, 0, 0, 1, 0, 0, 0, 1, 0, 0, 0)
constraints/31/kusudama_orientation = Transform3D(1, 0, 0, 0, 1, 0, 0, 0, 1, 0, 0, 0)
constraints/31/bone_direction = Transform3D(1, 0, 0, 0, 1, 0, 0, 0, 1, 0, 0, 0)
constraints/32/bone_name = &"LeftRingIntermediate"
constraints/32/twist_from = 3.14159
constraints/32/twist_range = 6.28318
constraints/32/twist_current = null
constraints/32/kusudama_limit_cone_count = 3
