[gd_scene load_steps=2 format=3 uid="uid://bkkoxq2l47ndk"]

[ext_resource type="PackedScene" uid="uid://bfc6nbf2x6c7o" path="res://SK_liqu/art/SK_liqu/Liqu.vrm" id="1_qqot0"]

[node name="Liqu" instance=ExtResource("1_qqot0")]

[node name="GeneralSkeleton" parent="Armature" index="0"]
bones/0/position = Vector3(1.99303e-07, 0.721675, -0.0105497)
bones/0/rotation = Quaternion(0.00986013, -0.0640447, 0.0483176, 0.996728)
bones/0/scale = Vector3(1, 1, 1)
bones/1/position = Vector3(0.0600082, -0.0434175, -0.0100011)
bones/1/rotation = Quaternion(-0.0239812, 0.0164261, 0.998017, 0.0558268)
bones/1/scale = Vector3(1, 1, 1)
bones/2/position = Vector3(0.00876231, 0.299063, 0.0114182)
bones/2/rotation = Quaternion(-0.0353747, 0.997253, 0.0296579, 0.0579219)
bones/2/scale = Vector3(1, 1, 1)
bones/3/position = Vector3(-0.0135687, 0.334319, 0.0250838)
bones/3/rotation = Quaternion(0.0358908, 0.837891, -0.539702, 0.0732976)
bones/3/scale = Vector3(1, 1, 1)
bones/4/position = Vector3(-0.0110639, 0.0935968, -0.0334737)
bones/4/rotation = Quaternion(-1.9359e-07, 1, -1.29638e-06, 9.6921e-05)
bones/4/scale = Vector3(0.999999, 1, 1)
bones/5/position = Vector3(-0.0600057, -0.0434284, -0.0100014)
bones/5/rotation = Quaternion(0.049515, 0.000392465, 0.989765, 0.13384)
bones/5/scale = Vector3(1, 1, 1)
bones/6/position = Vector3(-0.00876302, 0.299047, 0.0114195)
bones/6/rotation = Quaternion(0.015804, 0.989621, 0.129653, -0.0599155)
bones/6/scale = Vector3(1, 1, 1)
bones/7/position = Vector3(0.0135689, 0.334302, 0.0250818)
bones/7/rotation = Quaternion(0.0716046, 0.882373, -0.462869, -0.0452047)
bones/7/scale = Vector3(1, 1, 1)
bones/8/position = Vector3(0.0110654, 0.0935859, -0.0334775)
bones/8/rotation = Quaternion(-5.57601e-06, 1, -1.40068e-05, 5.34226e-05)
bones/8/scale = Vector3(1, 1, 1)
bones/9/position = Vector3(6.10948e-07, 0.0338797, -4.54485e-07)
bones/9/rotation = Quaternion(0.0343998, 0.000623709, -0.0620716, 0.997479)
bones/9/scale = Vector3(1, 1, 1)
bones/10/position = Vector3(-1.04308e-07, 0.066843, 6.20335e-05)
bones/10/rotation = Quaternion(0.0437396, -0.00341522, -0.0439098, 0.998072)
bones/10/scale = Vector3(1, 1, 1)
bones/11/position = Vector3(3.72529e-08, 0.0880784, -0.00930053)
bones/11/rotation = Quaternion(0.0465094, 0.0190923, 0.00590899, 0.998718)
bones/11/scale = Vector3(1, 1, 1)
bones/15/position = Vector3(0.0300048, 0.0905297, -0.0179719)
bones/15/rotation = Quaternion(-0.512778, -0.485553, -0.46797, 0.53132)
bones/15/scale = Vector3(1, 1, 1)
bones/16/position = Vector3(-5.96046e-07, 0.0611643, -1.04308e-05)
bones/16/rotation = Quaternion(-0.0291676, 0.999325, 0.0223134, -0.000694063)
bones/16/scale = Vector3(1, 0.999999, 1)
bones/17/position = Vector3(0.000112087, 0.160078, 0.000398397)
bones/17/rotation = Quaternion(-0.00221021, -0.706685, 0.0129233, 0.707407)
bones/17/scale = Vector3(1, 0.999999, 1)
bones/18/position = Vector3(0.000575066, 0.150038, -8.30889e-05)
bones/18/rotation = Quaternion(0.0242463, 0.602743, -0.00106425, 0.797566)
bones/18/scale = Vector3(1, 0.999999, 1)
bones/39/position = Vector3(-4.47035e-07, 0.123219, -0.0316508)
bones/39/rotation = Quaternion(-0.314966, 0.00264038, 0.0850738, 0.945279)
bones/39/scale = Vector3(0.999999, 1, 1)
bones/40/position = Vector3(3.35276e-07, 0.0494316, 0.015407)
bones/40/rotation = Quaternion(0.188036, 0.0362184, -0.0315242, 0.980988)
bones/40/scale = Vector3(1, 1, 1)
bones/106/position = Vector3(-0.0300048, 0.0905168, -0.0179721)
bones/106/rotation = Quaternion(-0.489337, 0.509748, 0.51811, 0.481942)
bones/106/scale = Vector3(1, 1, 1)
bones/107/position = Vector3(-1.72853e-06, 0.0611626, 1.44839e-05)
bones/107/rotation = Quaternion(-0.0152824, 0.999594, -0.0240211, 0.00141177)
bones/107/scale = Vector3(1, 1, 1)
bones/108/position = Vector3(-0.000107497, 0.160103, 0.000385404)
bones/108/rotation = Quaternion(0.00778734, 0.70684, 0.0197279, 0.707055)
bones/108/scale = Vector3(1, 0.999999, 1)
bones/109/position = Vector3(-0.000578165, 0.150043, -7.89165e-05)
bones/109/rotation = Quaternion(0.000897895, -0.603345, -0.0205471, 0.797215)
bones/109/scale = Vector3(1, 0.999999, 1)
bones/134/position = Vector3(-0.0142794, -0.00504357, -0.0275005)
bones/134/rotation = Quaternion(-0.00641527, 0.00399154, 0.000585136, 0.999971)

[node name="ManyBoneIK3D" type="ManyBoneIK3D" parent="." index="5"]
skeleton_node_path = NodePath("../Armature/GeneralSkeleton")
bone_count = 135
bone/0/bone_name = null
bone/0/damp = 3.14159
bone/1/bone_name = null
bone/1/damp = 3.14159
bone/2/bone_name = null
bone/2/damp = 3.14159
bone/3/bone_name = null
bone/3/damp = 3.14159
bone/4/bone_name = null
bone/4/damp = 3.14159
bone/5/bone_name = null
bone/5/damp = 3.14159
bone/6/bone_name = null
bone/6/damp = 3.14159
bone/7/bone_name = null
bone/7/damp = 3.14159
bone/8/bone_name = null
bone/8/damp = 3.14159
bone/9/bone_name = null
bone/9/damp = 3.14159
bone/10/bone_name = null
bone/10/damp = 3.14159
bone/11/bone_name = null
bone/11/damp = 3.14159
bone/12/bone_name = null
bone/12/damp = 3.14159
bone/13/bone_name = null
bone/13/damp = 3.14159
bone/14/bone_name = null
bone/14/damp = 3.14159
bone/15/bone_name = null
bone/15/damp = 3.14159
bone/16/bone_name = null
bone/16/damp = 3.14159
bone/17/bone_name = null
bone/17/damp = 3.14159
bone/18/bone_name = null
bone/18/damp = 3.14159
bone/19/bone_name = null
bone/19/damp = 3.14159
bone/20/bone_name = null
bone/20/damp = 3.14159
bone/21/bone_name = null
bone/21/damp = 3.14159
bone/22/bone_name = null
bone/22/damp = 3.14159
bone/23/bone_name = null
bone/23/damp = 3.14159
bone/24/bone_name = null
bone/24/damp = 3.14159
bone/25/bone_name = null
bone/25/damp = 3.14159
bone/26/bone_name = null
bone/26/damp = 3.14159
bone/27/bone_name = null
bone/27/damp = 3.14159
bone/28/bone_name = null
bone/28/damp = 3.14159
bone/29/bone_name = null
bone/29/damp = 3.14159
bone/30/bone_name = null
bone/30/damp = 3.14159
bone/31/bone_name = null
bone/31/damp = 3.14159
bone/32/bone_name = null
bone/32/damp = 3.14159
bone/33/bone_name = null
bone/33/damp = 3.14159
bone/34/bone_name = null
bone/34/damp = 3.14159
bone/35/bone_name = null
bone/35/damp = 3.14159
bone/36/bone_name = null
bone/36/damp = 3.14159
bone/37/bone_name = null
bone/37/damp = 3.14159
bone/38/bone_name = null
bone/38/damp = 3.14159
bone/39/bone_name = null
bone/39/damp = 3.14159
bone/40/bone_name = null
bone/40/damp = 3.14159
bone/41/bone_name = null
bone/41/damp = 3.14159
bone/42/bone_name = null
bone/42/damp = 3.14159
bone/43/bone_name = null
bone/43/damp = 3.14159
bone/44/bone_name = null
bone/44/damp = 3.14159
bone/45/bone_name = null
bone/45/damp = 3.14159
bone/46/bone_name = null
bone/46/damp = 3.14159
bone/47/bone_name = null
bone/47/damp = 3.14159
bone/48/bone_name = null
bone/48/damp = 3.14159
bone/49/bone_name = null
bone/49/damp = 3.14159
bone/50/bone_name = null
bone/50/damp = 3.14159
bone/51/bone_name = null
bone/51/damp = 3.14159
bone/52/bone_name = null
bone/52/damp = 3.14159
bone/53/bone_name = null
bone/53/damp = 3.14159
bone/54/bone_name = null
bone/54/damp = 3.14159
bone/55/bone_name = null
bone/55/damp = 3.14159
bone/56/bone_name = null
bone/56/damp = 3.14159
bone/57/bone_name = null
bone/57/damp = 3.14159
bone/58/bone_name = null
bone/58/damp = 3.14159
bone/59/bone_name = null
bone/59/damp = 3.14159
bone/60/bone_name = null
bone/60/damp = 3.14159
bone/61/bone_name = null
bone/61/damp = 3.14159
bone/62/bone_name = null
bone/62/damp = 3.14159
bone/63/bone_name = null
bone/63/damp = 3.14159
bone/64/bone_name = null
bone/64/damp = 3.14159
bone/65/bone_name = null
bone/65/damp = 3.14159
bone/66/bone_name = null
bone/66/damp = 3.14159
bone/67/bone_name = null
bone/67/damp = 3.14159
bone/68/bone_name = null
bone/68/damp = 3.14159
bone/69/bone_name = null
bone/69/damp = 3.14159
bone/70/bone_name = null
bone/70/damp = 3.14159
bone/71/bone_name = null
bone/71/damp = 3.14159
bone/72/bone_name = null
bone/72/damp = 3.14159
bone/73/bone_name = null
bone/73/damp = 3.14159
bone/74/bone_name = null
bone/74/damp = 3.14159
bone/75/bone_name = null
bone/75/damp = 3.14159
bone/76/bone_name = null
bone/76/damp = 3.14159
bone/77/bone_name = null
bone/77/damp = 3.14159
bone/78/bone_name = null
bone/78/damp = 3.14159
bone/79/bone_name = null
bone/79/damp = 3.14159
bone/80/bone_name = null
bone/80/damp = 3.14159
bone/81/bone_name = null
bone/81/damp = 3.14159
bone/82/bone_name = null
bone/82/damp = 3.14159
bone/83/bone_name = null
bone/83/damp = 3.14159
bone/84/bone_name = null
bone/84/damp = 3.14159
bone/85/bone_name = null
bone/85/damp = 3.14159
bone/86/bone_name = null
bone/86/damp = 3.14159
bone/87/bone_name = null
bone/87/damp = 3.14159
bone/88/bone_name = null
bone/88/damp = 3.14159
bone/89/bone_name = null
bone/89/damp = 3.14159
bone/90/bone_name = null
bone/90/damp = 3.14159
bone/91/bone_name = null
bone/91/damp = 3.14159
bone/92/bone_name = null
bone/92/damp = 3.14159
bone/93/bone_name = null
bone/93/damp = 3.14159
bone/94/bone_name = null
bone/94/damp = 3.14159
bone/95/bone_name = null
bone/95/damp = 3.14159
bone/96/bone_name = null
bone/96/damp = 3.14159
bone/97/bone_name = null
bone/97/damp = 3.14159
bone/98/bone_name = null
bone/98/damp = 3.14159
bone/99/bone_name = null
bone/99/damp = 3.14159
bone/100/bone_name = null
bone/100/damp = 3.14159
bone/101/bone_name = null
bone/101/damp = 3.14159
bone/102/bone_name = null
bone/102/damp = 3.14159
bone/103/bone_name = null
bone/103/damp = 3.14159
bone/104/bone_name = null
bone/104/damp = 3.14159
bone/105/bone_name = null
bone/105/damp = 3.14159
bone/106/bone_name = null
bone/106/damp = 3.14159
bone/107/bone_name = null
bone/107/damp = 3.14159
bone/108/bone_name = null
bone/108/damp = 3.14159
bone/109/bone_name = null
bone/109/damp = 3.14159
bone/110/bone_name = null
bone/110/damp = 3.14159
bone/111/bone_name = null
bone/111/damp = 3.14159
bone/112/bone_name = null
bone/112/damp = 3.14159
bone/113/bone_name = null
bone/113/damp = 3.14159
bone/114/bone_name = null
bone/114/damp = 3.14159
bone/115/bone_name = null
bone/115/damp = 3.14159
bone/116/bone_name = null
bone/116/damp = 3.14159
bone/117/bone_name = null
bone/117/damp = 3.14159
bone/118/bone_name = null
bone/118/damp = 3.14159
bone/119/bone_name = null
bone/119/damp = 3.14159
bone/120/bone_name = null
bone/120/damp = 3.14159
bone/121/bone_name = null
bone/121/damp = 3.14159
bone/122/bone_name = null
bone/122/damp = 3.14159
bone/123/bone_name = null
bone/123/damp = 3.14159
bone/124/bone_name = null
bone/124/damp = 3.14159
bone/125/bone_name = null
bone/125/damp = 3.14159
bone/126/bone_name = null
bone/126/damp = 3.14159
bone/127/bone_name = null
bone/127/damp = 3.14159
bone/128/bone_name = null
bone/128/damp = 3.14159
bone/129/bone_name = null
bone/129/damp = 3.14159
bone/130/bone_name = null
bone/130/damp = 3.14159
bone/131/bone_name = null
bone/131/damp = 3.14159
bone/132/bone_name = null
bone/132/damp = 3.14159
bone/133/bone_name = null
bone/133/damp = 3.14159
bone/134/bone_name = null
bone/134/damp = 3.14159
constraint_count = 135
constraints/0/bone_name = &"Hips"
constraints/0/twist_from = 3.14159
constraints/0/twist_range = 6.28318
constraints/0/twist_current = 0.566574
constraints/0/kusudama_limit_cone_count = 0
constraints/0/kusudama_twist = Transform3D(1, 0, 0, 0, 1, 0, 0, 0, 1, 2.35367e-16, 0.721485, -0.010541)
constraints/0/kusudama_orientation = Transform3D(0.999967, -0.00122145, 0.00797535, 0.00111902, 0.999917, 0.0128348, -0.00799036, -0.0128255, 0.999886, -0.0152448, 0.716436, -0.0473048)
constraints/0/bone_direction = Transform3D(0.988005, 0.0502537, 0.146016, 0.0978036, -0.935379, -0.339853, 0.119502, 0.350058, -0.929074, -0.0152448, 0.716436, -0.0473048)
constraints/1/bone_name = &"LeftUpperLeg"
constraints/1/twist_from = 3.14159
constraints/1/twist_range = 6.28318
constraints/1/twist_current = 0.482326
constraints/1/kusudama_limit_cone_count = 0
constraints/1/kusudama_twist = Transform3D(1, 0, 0, 0, 1, 0, 0, 0, 1, 0.06, 0.678085, -0.020541)
constraints/1/kusudama_orientation = Transform3D(0.988005, -0.0986869, -0.118773, 0.0978036, 0.995117, -0.0132573, 0.119502, 0.00148182, 0.992833, 0.0495162, 0.679232, -0.0501275)
constraints/1/bone_direction = Transform3D(-0.985691, 0.0188119, -0.167508, -0.0155785, -0.999667, -0.0205959, -0.16784, -0.0176917, 0.985656, 0.0495162, 0.679232, -0.0501275)
constraints/2/bone_name = &"LeftLowerLeg"
constraints/2/twist_from = 3.14159
constraints/2/twist_range = 6.28318
constraints/2/twist_current = 0.981731
constraints/2/kusudama_limit_cone_count = 0
constraints/2/kusudama_twist = Transform3D(-1, 0, 0, 0, -1, 0, 0, 0, 1, 0.0512447, 0.379123, -0.00912565)
constraints/2/kusudama_orientation = Transform3D(-0.985726, -0.0164316, -0.167554, 0.0136816, -0.999752, 0.0175543, -0.167801, 0.0150114, 0.985707, 0.0340518, 0.380564, -0.0358535)
constraints/2/bone_direction = Transform3D(0.994805, 0.0835303, 0.0581884, 0.0915801, -0.98394, -0.153221, 0.0444553, 0.157754, -0.986477, 0.0340518, 0.380564, -0.0358535)
constraints/3/bone_name = &"LeftFoot"
constraints/3/twist_from = 3.14159
constraints/3/twist_range = 6.28318
constraints/3/twist_current = 0.984561
constraints/3/kusudama_limit_cone_count = 0
constraints/3/kusudama_twist = Transform3D(1, 0, 0, 0, -1, 0, 0, 0, -1, 0.0376808, 0.0449292, -0.0342024)
constraints/3/kusudama_orientation = Transform3D(0.997456, 0.0473484, 0.053287, 0.0514824, -0.995538, -0.0790889, 0.0493045, 0.081631, -0.995442, 0.0376837, 0.0450546, -0.0342012)
constraints/3/bone_direction = Transform3D(-1, 4.66127e-07, 1.11572e-06, 1.28895e-06, -3.57628e-06, 1, 4.56348e-07, 1, 3.48687e-06, 0.0376837, 0.0450546, -0.0342012)
constraints/4/bone_name = &"LeftToes"
constraints/4/twist_from = 3.14159
constraints/4/twist_range = 6.28318
constraints/4/twist_current = 0.999971
constraints/4/kusudama_limit_cone_count = 0
constraints/4/kusudama_twist = Transform3D(-1, 0, 0, 0, 0, 1, 0, 1, 0, 0.0487446, 0.0114563, 0.0593773)
constraints/4/kusudama_orientation = Transform3D(-0.993676, 0.110638, 0.0191323, -0.0191302, -0.334733, 0.942119, 0.110639, 0.935795, 0.334733, 0.0583926, -0.0175999, 0.0409574)
constraints/4/bone_direction = Transform3D(0.993672, 0.110639, -0.019325, 0.0189477, -0.334735, -0.942122, -0.110704, 0.935794, -0.334713, 0.0583926, -0.0175999, 0.0409574)
constraints/5/bone_name = &"RightUpperLeg"
constraints/5/twist_from = 3.14159
constraints/5/twist_range = 6.28318
constraints/5/twist_current = 0.462288
constraints/5/kusudama_limit_cone_count = 0
constraints/5/kusudama_twist = Transform3D(1, 0, 0, 0, 1, 0, 0, 0, 1, -0.06, 0.678082, -0.020541)
constraints/5/kusudama_orientation = Transform3D(0.988005, -0.0986869, -0.118773, 0.0978036, 0.995117, -0.0132573, 0.119502, 0.00148182, 0.992833, -0.069057, 0.667484, -0.0644697)
constraints/5/bone_direction = Transform3D(-0.980211, -0.196112, -0.0269673, 0.197317, -0.978879, -0.0534952, -0.0159066, -0.0577577, 0.998204, -0.069057, 0.667484, -0.0644697)
constraints/6/bone_name = &"RightLowerLeg"
constraints/6/twist_from = 3.14159
constraints/6/twist_range = 6.28318
constraints/6/twist_current = 0.0200046
constraints/6/kusudama_limit_cone_count = 0
constraints/6/kusudama_twist = Transform3D(-1, 0, 0, 0, -1, 0, 0, 0, 1, -0.0512445, 0.37912, -0.00912553)
constraints/6/kusudama_orientation = Transform3D(-0.985543, -0.16824, -0.0200151, 0.168568, -0.98556, -0.0160121, -0.0170322, -0.0191545, 0.999671, -0.110961, 0.371095, -0.0586327)
constraints/6/bone_direction = Transform3D(0.963295, -0.258931, 0.0708398, -0.222557, -0.917874, -0.328597, 0.150106, 0.30077, -0.94181, -0.110961, 0.371095, -0.0586327)
constraints/7/bone_name = &"RightFoot"
constraints/7/twist_from = 3.14159
constraints/7/twist_range = 6.28318
constraints/7/twist_current = 0.0124082
constraints/7/kusudama_limit_cone_count = 0
constraints/7/kusudama_twist = Transform3D(1, 0, 0, 0, -1, 0, 0, 0, -1, -0.0376792, 0.0449262, -0.034202)
constraints/7/kusudama_orientation = Transform3D(0.97287, -0.213737, 0.0885412, -0.184754, -0.948121, -0.258715, 0.139245, 0.235338, -0.961887, -0.166992, 0.0451396, -0.00219511)
constraints/7/bone_direction = Transform3D(-1, -1.57114e-06, -1.3411e-06, -1.29454e-06, -1.39177e-05, 1, -1.50222e-06, 1, 1.38879e-05, -0.166992, 0.0451396, -0.00219511)
constraints/8/bone_name = &"RightToes"
constraints/8/twist_from = 3.14159
constraints/8/twist_range = 6.28318
constraints/8/twist_current = 0.999985
constraints/8/kusudama_limit_cone_count = 0
constraints/8/kusudama_twist = Transform3D(-1, 0, 0, 0, 0, 1, 0, 1, 0, -0.0487425, 0.0114534, 0.0593778)
constraints/8/kusudama_orientation = Transform3D(-0.993677, -0.110635, -0.019132, 0.0191305, -0.334741, 0.942116, -0.110635, 0.935793, 0.334741, -0.187701, -0.0175155, 0.0729514)
constraints/8/bone_direction = Transform3D(0.99368, -0.110623, 0.019029, -0.0192274, -0.334768, -0.942105, 0.110589, 0.935785, -0.334779, -0.187701, -0.0175155, 0.0729514)
constraints/9/bone_name = &"Spine"
constraints/9/twist_from = 3.14159
constraints/9/twist_range = 6.28318
constraints/9/twist_current = 0.500001
constraints/9/kusudama_limit_cone_count = 0
constraints/9/kusudama_twist = Transform3D(1, 0, 0, 0, 1, 0, 0, 0, 1, 2.35367e-16, 0.755446, -0.010541)
constraints/9/kusudama_orientation = Transform3D(0.988005, -0.0986869, -0.118773, 0.0978036, 0.995117, -0.0132573, 0.119502, 0.00148182, 0.992833, -0.0185876, 0.750151, -0.047255)
constraints/9/bone_direction = Transform3D(0.993262, 0.0166574, -0.114687, -0.02606, 0.996375, -0.0809803, 0.112922, 0.0834234, 0.990096, -0.0185876, 0.750151, -0.047255)
constraints/10/bone_name = &"Spine1"
constraints/10/twist_from = 3.14159
constraints/10/twist_range = 6.28318
constraints/10/twist_current = 0.49817
constraints/10/kusudama_limit_cone_count = 0
constraints/10/kusudama_twist = Transform3D(1, 0, 0, 0, 1, 0, 0, 0, 1, -1.09107e-08, 0.822257, -0.01048)
constraints/10/kusudama_orientation = Transform3D(0.993262, 0.0165525, -0.114702, -0.0260598, 0.996301, -0.08189, 0.112922, 0.0843273, 0.990019, -0.0174884, 0.816741, -0.0415569)
constraints/10/bone_direction = Transform3D(0.987611, 0.079363, -0.13537, -0.113827, 0.956141, -0.269885, 0.108014, 0.28195, 0.95333, -0.0174884, 0.816741, -0.0415569)
constraints/11/bone_name = &"Chest"
constraints/11/twist_from = 3.14159
constraints/11/twist_range = 6.28318
constraints/11/twist_current = 0.506324
constraints/11/kusudama_limit_cone_count = 0
constraints/11/kusudama_twist = Transform3D(1, 0, 0, 0, 1, 0, 0, 0, 1, -5.6124e-08, 0.910321, -0.0197794)
constraints/11/kusudama_orientation = Transform3D(0.987612, 0.0931392, -0.126287, -0.113826, 0.979196, -0.167986, 0.108014, 0.180279, 0.977667, -0.00811029, 0.90455, -0.034771)
constraints/11/bone_direction = Transform3D(0.992834, 0.0485678, -0.109188, -0.0941257, 0.880768, -0.464099, 0.0736289, 0.47105, 0.879028, -0.00811029, 0.90455, -0.034771)
constraints/12/bone_name = &"LeftCord1"
constraints/12/twist_from = 3.14159
constraints/12/twist_range = 6.28318
constraints/12/twist_current = null
constraints/12/kusudama_limit_cone_count = 0
constraints/12/kusudama_twist = Transform3D(1, 0, 0, 0, 1, 0, 0, 0, 1, 0, 0, 0)
constraints/12/kusudama_orientation = Transform3D(1, 0, 0, 0, 1, 0, 0, 0, 1, 0, 0, 0)
constraints/12/bone_direction = Transform3D(1, 0, 0, 0, 1, 0, 0, 0, 1, 0, 0, 0)
constraints/13/bone_name = &"LeftCord2"
constraints/13/twist_from = 3.14159
constraints/13/twist_range = 6.28318
constraints/13/twist_current = null
constraints/13/kusudama_limit_cone_count = 0
constraints/13/kusudama_twist = Transform3D(1, 0, 0, 0, 1, 0, 0, 0, 1, 0, 0, 0)
constraints/13/kusudama_orientation = Transform3D(1, 0, 0, 0, 1, 0, 0, 0, 1, 0, 0, 0)
constraints/13/bone_direction = Transform3D(1, 0, 0, 0, 1, 0, 0, 0, 1, 0, 0, 0)
constraints/14/bone_name = &"LeftCord3"
constraints/14/twist_from = 3.14159
constraints/14/twist_range = 6.28318
constraints/14/twist_current = null
constraints/14/kusudama_limit_cone_count = 0
constraints/14/kusudama_twist = Transform3D(1, 0, 0, 0, 1, 0, 0, 0, 1, 0, 0, 0)
constraints/14/kusudama_orientation = Transform3D(1, 0, 0, 0, 1, 0, 0, 0, 1, 0, 0, 0)
constraints/14/bone_direction = Transform3D(1, 0, 0, 0, 1, 0, 0, 0, 1, 0, 0, 0)
constraints/15/bone_name = &"LeftShoulder"
constraints/15/twist_from = 3.14159
constraints/15/twist_range = 6.28318
constraints/15/twist_current = 0.264317
constraints/15/kusudama_limit_cone_count = 0
constraints/15/kusudama_twist = Transform3D(1, 0, 0, 0, 1, 0, 0, 0, 1, 0.0299999, 1.00097, -0.0377453)
constraints/15/kusudama_orientation = Transform3D(0.992834, 0.0710665, -0.0960744, -0.0941251, 0.960389, -0.262286, 0.0736291, 0.269449, 0.960196, 0.0298397, 0.993383, -0.0254252)
constraints/15/bone_direction = Transform3D(-0.00579595, 0.99937, 0.0349891, -0.269075, -0.0352581, 0.962474, 0.963102, -0.00383636, 0.26911, 0.0298397, 0.993383, -0.0254252)
constraints/16/bone_name = &"LeftUpperArm"
constraints/16/twist_from = 3.14159
constraints/16/twist_range = 6.28318
constraints/16/twist_current = 0.000236818
constraints/16/kusudama_limit_cone_count = 0
constraints/16/kusudama_twist = Transform3D(0, 1, 0, 0, 0, 1, 1, 0, 0, 0.0911541, 1.00097, -0.0377453)
constraints/16/kusudama_orientation = Transform3D(-0.00579565, 0.99937, 0.0349891, -0.269075, -0.0352581, 0.962474, 0.963102, -0.00383665, 0.26911, 0.0909651, 0.991217, -0.0256632)
constraints/16/bone_direction = Transform3D(-0.0518225, 0.998578, 0.0124385, 0.270773, 0.0260381, -0.962293, -0.961248, -0.0465006, -0.271737, 0.0909651, 0.991217, -0.0256632)
constraints/17/bone_name = &"LeftLowerArm"
constraints/17/twist_from = 3.14159
constraints/17/twist_range = 6.28318
constraints/17/twist_current = 0.25016
constraints/17/kusudama_limit_cone_count = 0
constraints/17/kusudama_twist = Transform3D(0, 1, 0, 0, 0, -1, -1, 0, 0, 0.251153, 1.00052, -0.0378541)
constraints/17/kusudama_orientation = Transform3D(-0.0525014, 0.998573, 0.00958971, 0.270756, 0.0234768, -0.962363, -0.961216, -0.0479292, -0.271602, 0.250812, 0.994622, -0.0335515)
constraints/17/bone_direction = Transform3D(0.033779, 0.998747, 0.0368759, -0.961291, 0.042563, -0.27224, -0.273468, -0.026253, 0.961523, 0.250812, 0.994622, -0.0335515)
constraints/18/bone_name = &"LeftHand"
constraints/18/twist_from = 3.14159
constraints/18/twist_range = 6.28318
constraints/18/twist_current = 0.705998
constraints/18/kusudama_limit_cone_count = 0
constraints/18/kusudama_twist = Transform3D(0, 1, 0, -1, 0, 0, 0, 0, 1, 0.401153, 1.00009, -0.0379312)
constraints/18/kusudama_orientation = Transform3D(0.0309199, 0.99882, 0.0373897, -0.961409, 0.039951, -0.272219, -0.273391, -0.0275303, 0.96151, 0.400688, 1.00009, -0.0379192)
constraints/18/bone_direction = Transform3D(1.49384e-06, 0.999997, -6.37118e-06, -7.39098e-06, -7.93301e-06, -1.00001, -1, 6.29574e-07, 7.86781e-06, 0.400688, 1.00009, -0.0379192)
constraints/19/bone_name = &"LeftIndexProximal"
constraints/19/twist_from = 3.14159
constraints/19/twist_range = 6.28318
constraints/19/twist_current = null
constraints/19/kusudama_limit_cone_count = 0
constraints/19/kusudama_twist = Transform3D(1, 0, 0, 0, 1, 0, 0, 0, 1, 0, 0, 0)
constraints/19/kusudama_orientation = Transform3D(1, 0, 0, 0, 1, 0, 0, 0, 1, 0, 0, 0)
constraints/19/bone_direction = Transform3D(1, 0, 0, 0, 1, 0, 0, 0, 1, 0, 0, 0)
constraints/20/bone_name = &"LeftIndexIntermediate"
constraints/20/twist_from = 3.14159
constraints/20/twist_range = 6.28318
constraints/20/twist_current = null
constraints/20/kusudama_limit_cone_count = 0
constraints/20/kusudama_twist = Transform3D(1, 0, 0, 0, 1, 0, 0, 0, 1, 0, 0, 0)
constraints/20/kusudama_orientation = Transform3D(1, 0, 0, 0, 1, 0, 0, 0, 1, 0, 0, 0)
constraints/20/bone_direction = Transform3D(1, 0, 0, 0, 1, 0, 0, 0, 1, 0, 0, 0)
constraints/21/bone_name = &"LeftIndexDistal"
constraints/21/twist_from = 3.14159
constraints/21/twist_range = 6.28318
constraints/21/twist_current = null
constraints/21/kusudama_limit_cone_count = 0
constraints/21/kusudama_twist = Transform3D(1, 0, 0, 0, 1, 0, 0, 0, 1, 0, 0, 0)
constraints/21/kusudama_orientation = Transform3D(1, 0, 0, 0, 1, 0, 0, 0, 1, 0, 0, 0)
constraints/21/bone_direction = Transform3D(1, 0, 0, 0, 1, 0, 0, 0, 1, 0, 0, 0)
constraints/22/bone_name = &"LeftHandIndex4"
constraints/22/twist_from = 3.14159
constraints/22/twist_range = 6.28318
constraints/22/twist_current = null
constraints/22/kusudama_limit_cone_count = 0
constraints/22/kusudama_twist = Transform3D(1, 0, 0, 0, 1, 0, 0, 0, 1, 0, 0, 0)
constraints/22/kusudama_orientation = Transform3D(1, 0, 0, 0, 1, 0, 0, 0, 1, 0, 0, 0)
constraints/22/bone_direction = Transform3D(1, 0, 0, 0, 1, 0, 0, 0, 1, 0, 0, 0)
constraints/23/bone_name = &"LeftMiddleProximal"
constraints/23/twist_from = 3.14159
constraints/23/twist_range = 6.28318
constraints/23/twist_current = null
constraints/23/kusudama_limit_cone_count = 0
constraints/23/kusudama_twist = Transform3D(1, 0, 0, 0, 1, 0, 0, 0, 1, 0, 0, 0)
constraints/23/kusudama_orientation = Transform3D(1, 0, 0, 0, 1, 0, 0, 0, 1, 0, 0, 0)
constraints/23/bone_direction = Transform3D(1, 0, 0, 0, 1, 0, 0, 0, 1, 0, 0, 0)
constraints/24/bone_name = &"LeftMiddleIntermediate"
constraints/24/twist_from = 3.14159
constraints/24/twist_range = 6.28318
constraints/24/twist_current = null
constraints/24/kusudama_limit_cone_count = 0
constraints/24/kusudama_twist = Transform3D(1, 0, 0, 0, 1, 0, 0, 0, 1, 0, 0, 0)
constraints/24/kusudama_orientation = Transform3D(1, 0, 0, 0, 1, 0, 0, 0, 1, 0, 0, 0)
constraints/24/bone_direction = Transform3D(1, 0, 0, 0, 1, 0, 0, 0, 1, 0, 0, 0)
constraints/25/bone_name = &"LeftMiddleDistal"
constraints/25/twist_from = 3.14159
constraints/25/twist_range = 6.28318
constraints/25/twist_current = null
constraints/25/kusudama_limit_cone_count = 0
constraints/25/kusudama_twist = Transform3D(1, 0, 0, 0, 1, 0, 0, 0, 1, 0, 0, 0)
constraints/25/kusudama_orientation = Transform3D(1, 0, 0, 0, 1, 0, 0, 0, 1, 0, 0, 0)
constraints/25/bone_direction = Transform3D(1, 0, 0, 0, 1, 0, 0, 0, 1, 0, 0, 0)
constraints/26/bone_name = &"LeftHandMiddle4"
constraints/26/twist_from = 3.14159
constraints/26/twist_range = 6.28318
constraints/26/twist_current = null
constraints/26/kusudama_limit_cone_count = 0
constraints/26/kusudama_twist = Transform3D(1, 0, 0, 0, 1, 0, 0, 0, 1, 0, 0, 0)
constraints/26/kusudama_orientation = Transform3D(1, 0, 0, 0, 1, 0, 0, 0, 1, 0, 0, 0)
constraints/26/bone_direction = Transform3D(1, 0, 0, 0, 1, 0, 0, 0, 1, 0, 0, 0)
constraints/27/bone_name = &"LeftLittleProximal"
constraints/27/twist_from = 3.14159
constraints/27/twist_range = 6.28318
constraints/27/twist_current = null
constraints/27/kusudama_limit_cone_count = 0
constraints/27/kusudama_twist = Transform3D(1, 0, 0, 0, 1, 0, 0, 0, 1, 0, 0, 0)
constraints/27/kusudama_orientation = Transform3D(1, 0, 0, 0, 1, 0, 0, 0, 1, 0, 0, 0)
constraints/27/bone_direction = Transform3D(1, 0, 0, 0, 1, 0, 0, 0, 1, 0, 0, 0)
constraints/28/bone_name = &"LeftLittleIntermediate"
constraints/28/twist_from = 3.14159
constraints/28/twist_range = 6.28318
constraints/28/twist_current = null
constraints/28/kusudama_limit_cone_count = 0
constraints/28/kusudama_twist = Transform3D(1, 0, 0, 0, 1, 0, 0, 0, 1, 0, 0, 0)
constraints/28/kusudama_orientation = Transform3D(1, 0, 0, 0, 1, 0, 0, 0, 1, 0, 0, 0)
constraints/28/bone_direction = Transform3D(1, 0, 0, 0, 1, 0, 0, 0, 1, 0, 0, 0)
constraints/29/bone_name = &"LeftLittleDistal"
constraints/29/twist_from = 3.14159
constraints/29/twist_range = 6.28318
constraints/29/twist_current = null
constraints/29/kusudama_limit_cone_count = 0
constraints/29/kusudama_twist = Transform3D(1, 0, 0, 0, 1, 0, 0, 0, 1, 0, 0, 0)
constraints/29/kusudama_orientation = Transform3D(1, 0, 0, 0, 1, 0, 0, 0, 1, 0, 0, 0)
constraints/29/bone_direction = Transform3D(1, 0, 0, 0, 1, 0, 0, 0, 1, 0, 0, 0)
constraints/30/bone_name = &"LeftHandPinky4"
constraints/30/twist_from = 3.14159
constraints/30/twist_range = 6.28318
constraints/30/twist_current = null
constraints/30/kusudama_limit_cone_count = 0
constraints/30/kusudama_twist = Transform3D(1, 0, 0, 0, 1, 0, 0, 0, 1, 0, 0, 0)
constraints/30/kusudama_orientation = Transform3D(1, 0, 0, 0, 1, 0, 0, 0, 1, 0, 0, 0)
constraints/30/bone_direction = Transform3D(1, 0, 0, 0, 1, 0, 0, 0, 1, 0, 0, 0)
constraints/31/bone_name = &"LeftRingProximal"
constraints/31/twist_from = 3.14159
constraints/31/twist_range = 6.28318
constraints/31/twist_current = null
constraints/31/kusudama_limit_cone_count = 0
constraints/31/kusudama_twist = Transform3D(1, 0, 0, 0, 1, 0, 0, 0, 1, 0, 0, 0)
constraints/31/kusudama_orientation = Transform3D(1, 0, 0, 0, 1, 0, 0, 0, 1, 0, 0, 0)
constraints/31/bone_direction = Transform3D(1, 0, 0, 0, 1, 0, 0, 0, 1, 0, 0, 0)
constraints/32/bone_name = &"LeftRingIntermediate"
constraints/32/twist_from = 3.14159
constraints/32/twist_range = 6.28318
constraints/32/twist_current = null
constraints/32/kusudama_limit_cone_count = 0
constraints/32/kusudama_twist = Transform3D(1, 0, 0, 0, 1, 0, 0, 0, 1, 0, 0, 0)
constraints/32/kusudama_orientation = Transform3D(1, 0, 0, 0, 1, 0, 0, 0, 1, 0, 0, 0)
constraints/32/bone_direction = Transform3D(1, 0, 0, 0, 1, 0, 0, 0, 1, 0, 0, 0)
constraints/33/bone_name = &"LeftRingDistal"
constraints/33/twist_from = 3.14159
constraints/33/twist_range = 6.28318
constraints/33/twist_current = null
constraints/33/kusudama_limit_cone_count = 0
constraints/33/kusudama_twist = Transform3D(1, 0, 0, 0, 1, 0, 0, 0, 1, 0, 0, 0)
constraints/33/kusudama_orientation = Transform3D(1, 0, 0, 0, 1, 0, 0, 0, 1, 0, 0, 0)
constraints/33/bone_direction = Transform3D(1, 0, 0, 0, 1, 0, 0, 0, 1, 0, 0, 0)
constraints/34/bone_name = &"LeftHandRing4"
constraints/34/twist_from = 3.14159
constraints/34/twist_range = 6.28318
constraints/34/twist_current = null
constraints/34/kusudama_limit_cone_count = 0
constraints/34/kusudama_twist = Transform3D(1, 0, 0, 0, 1, 0, 0, 0, 1, 0, 0, 0)
constraints/34/kusudama_orientation = Transform3D(1, 0, 0, 0, 1, 0, 0, 0, 1, 0, 0, 0)
constraints/34/bone_direction = Transform3D(1, 0, 0, 0, 1, 0, 0, 0, 1, 0, 0, 0)
constraints/35/bone_name = &"LeftThumbMetacarpal"
constraints/35/twist_from = 3.14159
constraints/35/twist_range = 6.28318
constraints/35/twist_current = null
constraints/35/kusudama_limit_cone_count = 0
constraints/35/kusudama_twist = Transform3D(1, 0, 0, 0, 1, 0, 0, 0, 1, 0, 0, 0)
constraints/35/kusudama_orientation = Transform3D(1, 0, 0, 0, 1, 0, 0, 0, 1, 0, 0, 0)
constraints/35/bone_direction = Transform3D(1, 0, 0, 0, 1, 0, 0, 0, 1, 0, 0, 0)
constraints/36/bone_name = &"LeftThumbProximal"
constraints/36/twist_from = 3.14159
constraints/36/twist_range = 6.28318
constraints/36/twist_current = null
constraints/36/kusudama_limit_cone_count = 0
constraints/36/kusudama_twist = Transform3D(1, 0, 0, 0, 1, 0, 0, 0, 1, 0, 0, 0)
constraints/36/kusudama_orientation = Transform3D(1, 0, 0, 0, 1, 0, 0, 0, 1, 0, 0, 0)
constraints/36/bone_direction = Transform3D(1, 0, 0, 0, 1, 0, 0, 0, 1, 0, 0, 0)
constraints/37/bone_name = &"LeftThumbDistal"
constraints/37/twist_from = 3.14159
constraints/37/twist_range = 6.28318
constraints/37/twist_current = null
constraints/37/kusudama_limit_cone_count = 0
constraints/37/kusudama_twist = Transform3D(1, 0, 0, 0, 1, 0, 0, 0, 1, 0, 0, 0)
constraints/37/kusudama_orientation = Transform3D(1, 0, 0, 0, 1, 0, 0, 0, 1, 0, 0, 0)
constraints/37/bone_direction = Transform3D(1, 0, 0, 0, 1, 0, 0, 0, 1, 0, 0, 0)
constraints/38/bone_name = &"LeftHandThumb4"
constraints/38/twist_from = 3.14159
constraints/38/twist_range = 6.28318
constraints/38/twist_current = null
constraints/38/kusudama_limit_cone_count = 0
constraints/38/kusudama_twist = Transform3D(1, 0, 0, 0, 1, 0, 0, 0, 1, 0, 0, 0)
constraints/38/kusudama_orientation = Transform3D(1, 0, 0, 0, 1, 0, 0, 0, 1, 0, 0, 0)
constraints/38/bone_direction = Transform3D(1, 0, 0, 0, 1, 0, 0, 0, 1, 0, 0, 0)
constraints/39/bone_name = &"Neck"
constraints/39/twist_from = 3.14159
constraints/39/twist_range = 6.28318
constraints/39/twist_current = 0.496347
constraints/39/kusudama_limit_cone_count = 0
constraints/39/kusudama_twist = Transform3D(1, 0, 0, 0, 1, 0, 0, 0, 1, -1.28106e-07, 1.03356, -0.0514217)
constraints/39/kusudama_orientation = Transform3D(0.992834, 0.0710665, -0.0960744, -0.0941251, 0.960389, -0.262286, 0.0736291, 0.269449, 0.960196, 0.00368681, 1.03119, -0.0319608)
constraints/39/bone_direction = Transform3D(0.995388, -0.0213964, -0.0935044, 0.0754726, 0.776333, 0.625789, 0.0592008, -0.62996, 0.774368, 0.00368681, 1.03119, -0.0319608)
constraints/40/bone_name = &"Head"
constraints/40/twist_from = 3.14159
constraints/40/twist_range = 6.28318
constraints/40/twist_current = 0.511748
constraints/40/kusudama_limit_cone_count = 0
constraints/40/kusudama_twist = Transform3D(1, 0, 0, 0, 1, 0, 0, 0, 1, -1.2489e-07, 1.08301, -0.0360208)
constraints/40/kusudama_orientation = Transform3D(0.995388, -0.0482325, -0.0829126, 0.0754725, 0.927298, 0.366637, 0.0592008, -0.371204, 0.926662, 2.54996e-05, 1.08268, -0.0360329)
constraints/40/bone_direction = Transform3D(0.999999, -2.61143e-06, 3.2708e-06, 2.09175e-06, 1, -1.10269e-06, -3.45707e-06, 1.13249e-06, 1, 2.54996e-05, 1.08268, -0.0360329)
constraints/41/bone_name = &"LeftEye"
constraints/41/twist_from = 3.14159
constraints/41/twist_range = 6.28318
constraints/41/twist_current = null
constraints/41/kusudama_limit_cone_count = 0
constraints/41/kusudama_twist = Transform3D(1, 0, 0, 0, 1, 0, 0, 0, 1, 0, 0, 0)
constraints/41/kusudama_orientation = Transform3D(1, 0, 0, 0, 1, 0, 0, 0, 1, 0, 0, 0)
constraints/41/bone_direction = Transform3D(1, 0, 0, 0, 1, 0, 0, 0, 1, 0, 0, 0)
constraints/42/bone_name = &"LeftHair_A_1_1"
constraints/42/twist_from = 3.14159
constraints/42/twist_range = 6.28318
constraints/42/twist_current = null
constraints/42/kusudama_limit_cone_count = 0
constraints/42/kusudama_twist = Transform3D(1, 0, 0, 0, 1, 0, 0, 0, 1, 0, 0, 0)
constraints/42/kusudama_orientation = Transform3D(1, 0, 0, 0, 1, 0, 0, 0, 1, 0, 0, 0)
constraints/42/bone_direction = Transform3D(1, 0, 0, 0, 1, 0, 0, 0, 1, 0, 0, 0)
constraints/43/bone_name = &"LeftHair_A_1_2"
constraints/43/twist_from = 3.14159
constraints/43/twist_range = 6.28318
constraints/43/twist_current = null
constraints/43/kusudama_limit_cone_count = 0
constraints/43/kusudama_twist = Transform3D(1, 0, 0, 0, 1, 0, 0, 0, 1, 0, 0, 0)
constraints/43/kusudama_orientation = Transform3D(1, 0, 0, 0, 1, 0, 0, 0, 1, 0, 0, 0)
constraints/43/bone_direction = Transform3D(1, 0, 0, 0, 1, 0, 0, 0, 1, 0, 0, 0)
constraints/44/bone_name = &"LeftHair_A_1_3"
constraints/44/twist_from = 3.14159
constraints/44/twist_range = 6.28318
constraints/44/twist_current = null
constraints/44/kusudama_limit_cone_count = 0
constraints/44/kusudama_twist = Transform3D(1, 0, 0, 0, 1, 0, 0, 0, 1, 0, 0, 0)
constraints/44/kusudama_orientation = Transform3D(1, 0, 0, 0, 1, 0, 0, 0, 1, 0, 0, 0)
constraints/44/bone_direction = Transform3D(1, 0, 0, 0, 1, 0, 0, 0, 1, 0, 0, 0)
constraints/45/bone_name = &"LeftHair_A_2_1"
constraints/45/twist_from = 3.14159
constraints/45/twist_range = 6.28318
constraints/45/twist_current = null
constraints/45/kusudama_limit_cone_count = 0
constraints/45/kusudama_twist = Transform3D(1, 0, 0, 0, 1, 0, 0, 0, 1, 0, 0, 0)
constraints/45/kusudama_orientation = Transform3D(1, 0, 0, 0, 1, 0, 0, 0, 1, 0, 0, 0)
constraints/45/bone_direction = Transform3D(1, 0, 0, 0, 1, 0, 0, 0, 1, 0, 0, 0)
constraints/46/bone_name = &"LeftHair_A_2_2"
constraints/46/twist_from = 3.14159
constraints/46/twist_range = 6.28318
constraints/46/twist_current = null
constraints/46/kusudama_limit_cone_count = 0
constraints/46/kusudama_twist = Transform3D(1, 0, 0, 0, 1, 0, 0, 0, 1, 0, 0, 0)
constraints/46/kusudama_orientation = Transform3D(1, 0, 0, 0, 1, 0, 0, 0, 1, 0, 0, 0)
constraints/46/bone_direction = Transform3D(1, 0, 0, 0, 1, 0, 0, 0, 1, 0, 0, 0)
constraints/47/bone_name = &"LeftHair_A_3_1"
constraints/47/twist_from = 3.14159
constraints/47/twist_range = 6.28318
constraints/47/twist_current = null
constraints/47/kusudama_limit_cone_count = 0
constraints/47/kusudama_twist = Transform3D(1, 0, 0, 0, 1, 0, 0, 0, 1, 0, 0, 0)
constraints/47/kusudama_orientation = Transform3D(1, 0, 0, 0, 1, 0, 0, 0, 1, 0, 0, 0)
constraints/47/bone_direction = Transform3D(1, 0, 0, 0, 1, 0, 0, 0, 1, 0, 0, 0)
constraints/48/bone_name = &"LeftHair_A_3_2"
constraints/48/twist_from = 3.14159
constraints/48/twist_range = 6.28318
constraints/48/twist_current = null
constraints/48/kusudama_limit_cone_count = 0
constraints/48/kusudama_twist = Transform3D(1, 0, 0, 0, 1, 0, 0, 0, 1, 0, 0, 0)
constraints/48/kusudama_orientation = Transform3D(1, 0, 0, 0, 1, 0, 0, 0, 1, 0, 0, 0)
constraints/48/bone_direction = Transform3D(1, 0, 0, 0, 1, 0, 0, 0, 1, 0, 0, 0)
constraints/49/bone_name = &"LeftHair_B_1_1"
constraints/49/twist_from = 3.14159
constraints/49/twist_range = 6.28318
constraints/49/twist_current = null
constraints/49/kusudama_limit_cone_count = 0
constraints/49/kusudama_twist = Transform3D(1, 0, 0, 0, 1, 0, 0, 0, 1, 0, 0, 0)
constraints/49/kusudama_orientation = Transform3D(1, 0, 0, 0, 1, 0, 0, 0, 1, 0, 0, 0)
constraints/49/bone_direction = Transform3D(1, 0, 0, 0, 1, 0, 0, 0, 1, 0, 0, 0)
constraints/50/bone_name = &"LeftHair_B_1_2"
constraints/50/twist_from = 3.14159
constraints/50/twist_range = 6.28318
constraints/50/twist_current = null
constraints/50/kusudama_limit_cone_count = 0
constraints/50/kusudama_twist = Transform3D(1, 0, 0, 0, 1, 0, 0, 0, 1, 0, 0, 0)
constraints/50/kusudama_orientation = Transform3D(1, 0, 0, 0, 1, 0, 0, 0, 1, 0, 0, 0)
constraints/50/bone_direction = Transform3D(1, 0, 0, 0, 1, 0, 0, 0, 1, 0, 0, 0)
constraints/51/bone_name = &"LeftHair_B_1_3"
constraints/51/twist_from = 3.14159
constraints/51/twist_range = 6.28318
constraints/51/twist_current = null
constraints/51/kusudama_limit_cone_count = 0
constraints/51/kusudama_twist = Transform3D(1, 0, 0, 0, 1, 0, 0, 0, 1, 0, 0, 0)
constraints/51/kusudama_orientation = Transform3D(1, 0, 0, 0, 1, 0, 0, 0, 1, 0, 0, 0)
constraints/51/bone_direction = Transform3D(1, 0, 0, 0, 1, 0, 0, 0, 1, 0, 0, 0)
constraints/52/bone_name = &"LeftHair_B_1_4"
constraints/52/twist_from = 3.14159
constraints/52/twist_range = 6.28318
constraints/52/twist_current = null
constraints/52/kusudama_limit_cone_count = 0
constraints/52/kusudama_twist = Transform3D(1, 0, 0, 0, 1, 0, 0, 0, 1, 0, 0, 0)
constraints/52/kusudama_orientation = Transform3D(1, 0, 0, 0, 1, 0, 0, 0, 1, 0, 0, 0)
constraints/52/bone_direction = Transform3D(1, 0, 0, 0, 1, 0, 0, 0, 1, 0, 0, 0)
constraints/53/bone_name = &"LeftHair_B_2_1"
constraints/53/twist_from = 3.14159
constraints/53/twist_range = 6.28318
constraints/53/twist_current = null
constraints/53/kusudama_limit_cone_count = 0
constraints/53/kusudama_twist = Transform3D(1, 0, 0, 0, 1, 0, 0, 0, 1, 0, 0, 0)
constraints/53/kusudama_orientation = Transform3D(1, 0, 0, 0, 1, 0, 0, 0, 1, 0, 0, 0)
constraints/53/bone_direction = Transform3D(1, 0, 0, 0, 1, 0, 0, 0, 1, 0, 0, 0)
constraints/54/bone_name = &"LeftHair_B_2_2"
constraints/54/twist_from = 3.14159
constraints/54/twist_range = 6.28318
constraints/54/twist_current = null
constraints/54/kusudama_limit_cone_count = 0
constraints/54/kusudama_twist = Transform3D(1, 0, 0, 0, 1, 0, 0, 0, 1, 0, 0, 0)
constraints/54/kusudama_orientation = Transform3D(1, 0, 0, 0, 1, 0, 0, 0, 1, 0, 0, 0)
constraints/54/bone_direction = Transform3D(1, 0, 0, 0, 1, 0, 0, 0, 1, 0, 0, 0)
constraints/55/bone_name = &"LeftHair_B_2_3"
constraints/55/twist_from = 3.14159
constraints/55/twist_range = 6.28318
constraints/55/twist_current = null
constraints/55/kusudama_limit_cone_count = 0
constraints/55/kusudama_twist = Transform3D(1, 0, 0, 0, 1, 0, 0, 0, 1, 0, 0, 0)
constraints/55/kusudama_orientation = Transform3D(1, 0, 0, 0, 1, 0, 0, 0, 1, 0, 0, 0)
constraints/55/bone_direction = Transform3D(1, 0, 0, 0, 1, 0, 0, 0, 1, 0, 0, 0)
constraints/56/bone_name = &"LeftHair_B_2_4"
constraints/56/twist_from = 3.14159
constraints/56/twist_range = 6.28318
constraints/56/twist_current = null
constraints/56/kusudama_limit_cone_count = 0
constraints/56/kusudama_twist = Transform3D(1, 0, 0, 0, 1, 0, 0, 0, 1, 0, 0, 0)
constraints/56/kusudama_orientation = Transform3D(1, 0, 0, 0, 1, 0, 0, 0, 1, 0, 0, 0)
