[gd_scene load_steps=2 format=3 uid="uid://bkkoxq2l47ndk"]

[ext_resource type="PackedScene" uid="uid://bfc6nbf2x6c7o" path="res://SK_liqu/art/SK_liqu/Liqu.vrm" id="1_qqot0"]

[node name="Liqu" instance=ExtResource("1_qqot0")]

[node name="GeneralSkeleton" parent="Armature" index="0"]
bones/0/position = Vector3(-4.95464e-06, 0.719951, -0.010282)
bones/0/rotation = Quaternion(0.97192, 0.0255217, 0.151632, -0.178122)
bones/0/scale = Vector3(1, 1, 1)
bones/1/position = Vector3(0.0600948, -0.043398, -0.010036)
bones/1/rotation = Quaternion(-0.143131, -0.00722227, 0.989325, -0.0264223)
bones/1/scale = Vector3(1, 1, 1)
bones/2/position = Vector3(0.00877813, 0.299431, 0.011437)
bones/2/rotation = Quaternion(0.0330933, 0.981706, -0.0506743, 0.18053)
bones/2/scale = Vector3(1, 1, 1)
bones/3/position = Vector3(-0.0135944, 0.334768, 0.0251379)
bones/3/rotation = Quaternion(0.0623035, 0.80412, -0.585032, 0.0851255)
bones/3/scale = Vector3(1, 1, 1)
bones/4/position = Vector3(-0.0110695, 0.0938771, -0.0334504)
bones/4/rotation = Quaternion(-0.000171297, 0.793244, -0.608904, 0.000113996)
bones/4/scale = Vector3(1, 1, 1)
bones/5/position = Vector3(-0.0600959, -0.0433705, -0.0100371)
bones/5/rotation = Quaternion(0.143494, 0.00686596, 0.989607, 0.00631153)
bones/5/scale = Vector3(1, 1, 1)
bones/6/position = Vector3(-0.00877351, 0.299483, 0.0114248)
bones/6/rotation = Quaternion(-0.0287419, 0.984173, -0.0507886, -0.167326)
bones/6/scale = Vector3(1, 1, 1)
bones/7/position = Vector3(0.0135933, 0.334808, 0.0251278)
bones/7/rotation = Quaternion(0.00731048, 0.811882, -0.58003, 0.0660294)
bones/7/scale = Vector3(1, 1, 1)
bones/8/position = Vector3(0.0110621, 0.0935491, -0.0335654)
bones/8/rotation = Quaternion(1.67913e-05, 0.793176, -0.608992, 3.57066e-05)
bones/8/scale = Vector3(1, 1, 1)
bones/9/position = Vector3(-3.76254e-07, 0.0348406, 1.86637e-05)
bones/9/rotation = Quaternion(0.00688083, -0.000337887, 0.00176895, 0.999975)
bones/9/scale = Vector3(1, 1, 1)
bones/10/position = Vector3(6.98492e-08, 0.0670832, 5.5857e-05)
bones/10/rotation = Quaternion(0.201228, -0.013029, -0.0980694, 0.974536)
bones/10/scale = Vector3(1, 1, 1)
bones/11/position = Vector3(1.56462e-06, 0.0883114, -0.00931287)
bones/11/rotation = Quaternion(-0.0966874, 0.0950544, 0.0314621, 0.990266)
bones/11/scale = Vector3(1, 1, 1)
bones/15/position = Vector3(0.0300573, 0.0894107, -0.018001)
bones/15/rotation = Quaternion(0.587063, 0.58808, 0.357872, -0.425965)
bones/15/scale = Vector3(1, 1, 1)
bones/16/position = Vector3(3.15905e-06, 0.061318, -0.000258446)
bones/16/rotation = Quaternion(0.00139389, 0.998675, 0.00693249, 0.0509784)
bones/16/scale = Vector3(1, 1, 1)
bones/17/position = Vector3(0.000102043, 0.160403, 0.000759602)
bones/17/rotation = Quaternion(0.00672866, -0.688152, 0.0226922, 0.72518)
bones/17/scale = Vector3(1, 1, 1)
bones/18/position = Vector3(0.0010702, 0.150499, -6.91563e-05)
bones/18/rotation = Quaternion(0.0230841, 0.796535, -0.00765766, 0.604102)
bones/18/scale = Vector3(1.00001, 1.00001, 1.00001)
bones/39/position = Vector3(6.31064e-06, 0.122933, -0.031704)
bones/39/rotation = Quaternion(-0.0370076, -0.853295, 0.0709467, 0.515252)
bones/39/scale = Vector3(1, 1, 1)
bones/40/position = Vector3(-1.546e-07, 0.0491033, 0.0154205)
bones/40/rotation = Quaternion(0.0260277, 0.858328, 0.0198334, 0.512058)
bones/40/scale = Vector3(1, 1, 1)
bones/106/position = Vector3(-0.0300592, 0.0909373, -0.0179991)
bones/106/rotation = Quaternion(0.560438, -0.461402, -0.499938, -0.472313)
bones/106/scale = Vector3(1, 1, 1)
bones/107/position = Vector3(1.2219e-06, 0.0612622, 0.000681043)
bones/107/rotation = Quaternion(-0.00883038, 0.910245, -0.00296266, -0.413965)
bones/107/scale = Vector3(1, 1, 1)
bones/108/position = Vector3(-0.000101268, 0.160287, 0.000549793)
bones/108/rotation = Quaternion(0.0334805, 0.564688, -0.0543353, 0.822833)
bones/108/scale = Vector3(1, 1, 1)
bones/109/position = Vector3(-0.000192523, 0.150336, -7.87973e-05)
bones/109/rotation = Quaternion(0.0097364, -0.825112, 0.0235738, 0.564393)
bones/109/scale = Vector3(1.00001, 1.00001, 1.00001)
bones/134/position = Vector3(0.0370357, 1.36645, -0.346752)
bones/134/rotation = Quaternion(0.946139, 0.0171794, 0.237527, 0.219334)

[node name="ManyBoneIK3D" type="ManyBoneIK3D" parent="." index="5"]
skeleton_node_path = NodePath("../Armature/GeneralSkeleton")
iterations_per_frame = 120.0
bone_count = 135
bone/0/bone_name = null
bone/0/damp = 3.14159
bone/1/bone_name = null
bone/1/damp = 3.14159
bone/2/bone_name = null
bone/2/damp = 3.14159
bone/3/bone_name = null
bone/3/damp = 3.14159
bone/4/bone_name = null
bone/4/damp = 3.14159
bone/5/bone_name = null
bone/5/damp = 3.14159
bone/6/bone_name = null
bone/6/damp = 3.14159
bone/7/bone_name = null
bone/7/damp = 3.14159
bone/8/bone_name = null
bone/8/damp = 3.14159
bone/9/bone_name = null
bone/9/damp = 3.14159
bone/10/bone_name = null
bone/10/damp = 3.14159
bone/11/bone_name = null
bone/11/damp = 3.14159
bone/12/bone_name = null
bone/12/damp = 3.14159
bone/13/bone_name = null
bone/13/damp = 3.14159
bone/14/bone_name = null
bone/14/damp = 3.14159
bone/15/bone_name = null
bone/15/damp = 3.14159
bone/16/bone_name = null
bone/16/damp = 3.14159
bone/17/bone_name = null
bone/17/damp = 3.14159
bone/18/bone_name = null
bone/18/damp = 3.14159
bone/19/bone_name = null
bone/19/damp = 3.14159
bone/20/bone_name = null
bone/20/damp = 3.14159
bone/21/bone_name = null
bone/21/damp = 3.14159
bone/22/bone_name = null
bone/22/damp = 3.14159
bone/23/bone_name = null
bone/23/damp = 3.14159
bone/24/bone_name = null
bone/24/damp = 3.14159
bone/25/bone_name = null
bone/25/damp = 3.14159
bone/26/bone_name = null
bone/26/damp = 3.14159
bone/27/bone_name = null
bone/27/damp = 3.14159
bone/28/bone_name = null
bone/28/damp = 3.14159
bone/29/bone_name = null
bone/29/damp = 3.14159
bone/30/bone_name = null
bone/30/damp = 3.14159
bone/31/bone_name = null
bone/31/damp = 3.14159
bone/32/bone_name = null
bone/32/damp = 3.14159
bone/33/bone_name = null
bone/33/damp = 3.14159
bone/34/bone_name = null
bone/34/damp = 3.14159
bone/35/bone_name = null
bone/35/damp = 3.14159
bone/36/bone_name = null
bone/36/damp = 3.14159
bone/37/bone_name = null
bone/37/damp = 3.14159
bone/38/bone_name = null
bone/38/damp = 3.14159
bone/39/bone_name = null
bone/39/damp = 3.14159
bone/40/bone_name = null
bone/40/damp = 3.14159
bone/41/bone_name = null
bone/41/damp = 3.14159
bone/42/bone_name = null
bone/42/damp = 3.14159
bone/43/bone_name = null
bone/43/damp = 3.14159
bone/44/bone_name = null
bone/44/damp = 3.14159
bone/45/bone_name = null
bone/45/damp = 3.14159
bone/46/bone_name = null
bone/46/damp = 3.14159
bone/47/bone_name = null
bone/47/damp = 3.14159
bone/48/bone_name = null
bone/48/damp = 3.14159
bone/49/bone_name = null
bone/49/damp = 3.14159
bone/50/bone_name = null
bone/50/damp = 3.14159
bone/51/bone_name = null
bone/51/damp = 3.14159
bone/52/bone_name = null
bone/52/damp = 3.14159
bone/53/bone_name = null
bone/53/damp = 3.14159
bone/54/bone_name = null
bone/54/damp = 3.14159
bone/55/bone_name = null
bone/55/damp = 3.14159
bone/56/bone_name = null
bone/56/damp = 3.14159
bone/57/bone_name = null
bone/57/damp = 3.14159
bone/58/bone_name = null
bone/58/damp = 3.14159
bone/59/bone_name = null
bone/59/damp = 3.14159
bone/60/bone_name = null
bone/60/damp = 3.14159
bone/61/bone_name = null
bone/61/damp = 3.14159
bone/62/bone_name = null
bone/62/damp = 3.14159
bone/63/bone_name = null
bone/63/damp = 3.14159
bone/64/bone_name = null
bone/64/damp = 3.14159
bone/65/bone_name = null
bone/65/damp = 3.14159
bone/66/bone_name = null
bone/66/damp = 3.14159
bone/67/bone_name = null
bone/67/damp = 3.14159
bone/68/bone_name = null
bone/68/damp = 3.14159
bone/69/bone_name = null
bone/69/damp = 3.14159
bone/70/bone_name = null
bone/70/damp = 3.14159
bone/71/bone_name = null
bone/71/damp = 3.14159
bone/72/bone_name = null
bone/72/damp = 3.14159
bone/73/bone_name = null
bone/73/damp = 3.14159
bone/74/bone_name = null
bone/74/damp = 3.14159
bone/75/bone_name = null
bone/75/damp = 3.14159
bone/76/bone_name = null
bone/76/damp = 3.14159
bone/77/bone_name = null
bone/77/damp = 3.14159
bone/78/bone_name = null
bone/78/damp = 3.14159
bone/79/bone_name = null
bone/79/damp = 3.14159
bone/80/bone_name = null
bone/80/damp = 3.14159
bone/81/bone_name = null
bone/81/damp = 3.14159
bone/82/bone_name = null
bone/82/damp = 3.14159
bone/83/bone_name = null
bone/83/damp = 3.14159
bone/84/bone_name = null
bone/84/damp = 3.14159
bone/85/bone_name = null
bone/85/damp = 3.14159
bone/86/bone_name = null
bone/86/damp = 3.14159
bone/87/bone_name = null
bone/87/damp = 3.14159
bone/88/bone_name = null
bone/88/damp = 3.14159
bone/89/bone_name = null
bone/89/damp = 3.14159
bone/90/bone_name = null
bone/90/damp = 3.14159
bone/91/bone_name = null
bone/91/damp = 3.14159
bone/92/bone_name = null
bone/92/damp = 3.14159
bone/93/bone_name = null
bone/93/damp = 3.14159
bone/94/bone_name = null
bone/94/damp = 3.14159
bone/95/bone_name = null
bone/95/damp = 3.14159
bone/96/bone_name = null
bone/96/damp = 3.14159
bone/97/bone_name = null
bone/97/damp = 3.14159
bone/98/bone_name = null
bone/98/damp = 3.14159
bone/99/bone_name = null
bone/99/damp = 3.14159
bone/100/bone_name = null
bone/100/damp = 3.14159
bone/101/bone_name = null
bone/101/damp = 3.14159
bone/102/bone_name = null
bone/102/damp = 3.14159
bone/103/bone_name = null
bone/103/damp = 3.14159
bone/104/bone_name = null
bone/104/damp = 3.14159
bone/105/bone_name = null
bone/105/damp = 3.14159
bone/106/bone_name = null
bone/106/damp = 3.14159
bone/107/bone_name = null
bone/107/damp = 3.14159
bone/108/bone_name = null
bone/108/damp = 3.14159
bone/109/bone_name = null
bone/109/damp = 3.14159
bone/110/bone_name = null
bone/110/damp = 3.14159
bone/111/bone_name = null
bone/111/damp = 3.14159
bone/112/bone_name = null
bone/112/damp = 3.14159
bone/113/bone_name = null
bone/113/damp = 3.14159
bone/114/bone_name = null
bone/114/damp = 3.14159
bone/115/bone_name = null
bone/115/damp = 3.14159
bone/116/bone_name = null
bone/116/damp = 3.14159
bone/117/bone_name = null
bone/117/damp = 3.14159
bone/118/bone_name = null
bone/118/damp = 3.14159
bone/119/bone_name = null
bone/119/damp = 3.14159
bone/120/bone_name = null
bone/120/damp = 3.14159
bone/121/bone_name = null
bone/121/damp = 3.14159
bone/122/bone_name = null
bone/122/damp = 3.14159
bone/123/bone_name = null
bone/123/damp = 3.14159
bone/124/bone_name = null
bone/124/damp = 3.14159
bone/125/bone_name = null
bone/125/damp = 3.14159
bone/126/bone_name = null
bone/126/damp = 3.14159
bone/127/bone_name = null
bone/127/damp = 3.14159
bone/128/bone_name = null
bone/128/damp = 3.14159
bone/129/bone_name = null
bone/129/damp = 3.14159
bone/130/bone_name = null
bone/130/damp = 3.14159
bone/131/bone_name = null
bone/131/damp = 3.14159
bone/132/bone_name = null
bone/132/damp = 3.14159
bone/133/bone_name = null
bone/133/damp = 3.14159
bone/134/bone_name = null
bone/134/damp = 3.14159
constraint_count = 135
constraints/0/bone_name = &"Hips"
constraints/0/twist_from = 3.14159
constraints/0/twist_range = 6.28318
constraints/0/twist_current = 0.450868
constraints/0/kusudama_limit_cone_count = 1
constraints/0/kusudama_limit_cone/0/center = Vector3(0, 1, 0)
constraints/0/kusudama_limit_cone/0/radius = 0.0174533
constraints/0/kusudama_twist = Transform3D(1, 0, 0, 0, 1, 0, 0, 0, 1, 2.35367e-16, 0.721485, -0.010541)
constraints/0/kusudama_orientation = Transform3D(0.886572, -0.0716873, 0.457003, 0.136704, -0.903195, -0.40688, 0.44193, 0.423202, -0.790947, -0.0192789, 0.720376, -0.0339372)
constraints/0/bone_direction = Transform3D(0.98382, -0.0673507, 0.166017, 0.0105938, -0.903158, -0.429177, 0.178845, 0.423991, -0.887832, -0.0192789, 0.720376, -0.0339372)
constraints/1/bone_name = &"LeftUpperLeg"
constraints/1/twist_from = 3.14159
constraints/1/twist_range = 6.28318
constraints/1/twist_current = 0.660102
constraints/1/kusudama_limit_cone_count = 1
constraints/1/kusudama_limit_cone/0/center = Vector3(0, -1, 0)
constraints/1/kusudama_limit_cone/0/radius = 1.39626
constraints/1/kusudama_twist = Transform3D(1, 0, 0, 0, 1, 0, 0, 0, 1, 0.06, 0.678085, -0.020541)
constraints/1/kusudama_orientation = Transform3D(0.98382, 0.00422293, -0.179109, 0.0105938, 0.996602, 0.0816877, 0.178845, -0.0822636, 0.980432, 0.0414578, 0.676943, -0.029459)
constraints/1/bone_direction = Transform3D(-0.889447, 0.0936442, -0.447342, -0.112455, -0.993534, 0.0156123, -0.442988, 0.0641922, 0.894227, 0.0414578, 0.676943, -0.029459)
constraints/2/bone_name = &"LeftLowerLeg"
constraints/2/twist_from = 3.14159
constraints/2/twist_range = 6.28318
constraints/2/twist_current = 0.942194
constraints/2/kusudama_limit_cone_count = 3
constraints/2/kusudama_limit_cone/0/center = Vector3(0, 1, 0)
constraints/2/kusudama_limit_cone/0/radius = 0.0349066
constraints/2/kusudama_limit_cone/1/center = Vector3(0, 0, -1)
constraints/2/kusudama_limit_cone/1/radius = 0.0349066
constraints/2/kusudama_limit_cone/2/center = Vector3(0, -1, 0)
constraints/2/kusudama_limit_cone/2/radius = 0.0349066
constraints/2/kusudama_twist = Transform3D(-1, 0, 0, 0, -1, 0, 0, 0, 1, 0.0512447, 0.379123, -0.00912565)
constraints/2/kusudama_orientation = Transform3D(-0.891556, 0.0504568, -0.450092, -0.083353, -0.99508, 0.0535563, -0.445175, 0.085265, 0.891375, 0.0435923, 0.378866, 0.00235876)
constraints/2/bone_direction = Transform3D(0.993611, 0.0479664, 0.102161, 0.0525798, -0.997693, -0.0429533, 0.0998648, 0.0480506, -0.99384, 0.0435923, 0.378866, 0.00235876)
constraints/3/bone_name = &"LeftFoot"
constraints/3/twist_from = 3.14159
constraints/3/twist_range = 6.28318
constraints/3/twist_current = 0.981588
constraints/3/kusudama_limit_cone_count = 1
constraints/3/kusudama_limit_cone/0/center = Vector3(0, 1, 0)
constraints/3/kusudama_limit_cone/0/radius = 3.49066
constraints/3/kusudama_twist = Transform3D(1, 0, 0, 0, -1, 0, 0, 0, -1, 0.0376808, 0.0449292, -0.0342024)
constraints/3/kusudama_orientation = Transform3D(0.994892, 0.015249, 0.0997934, 0.0121248, -0.99942, 0.0318392, 0.100221, -0.0304665, -0.994499, 0.0376808, 0.044928, -0.0342024)
constraints/3/bone_direction = Transform3D(-1, 3.59956e-07, -9.68575e-08, -1.2666e-07, 0, 1, 6.42613e-08, 1, -1.78814e-07, 0.0376808, 0.044928, -0.0342024)
constraints/4/bone_name = &"LeftToes"
constraints/4/twist_from = 3.14159
constraints/4/twist_range = 6.28318
constraints/4/twist_current = 0.999956
constraints/4/kusudama_limit_cone_count = 1
constraints/4/kusudama_limit_cone/0/center = Vector3(0, 0, -1)
constraints/4/kusudama_limit_cone/0/radius = 0.261799
constraints/4/kusudama_twist = Transform3D(-1, 0, 0, 0, 0, 1, 0, 1, 0, 0.0487446, 0.0114563, 0.0593773)
constraints/4/kusudama_orientation = Transform3D(-0.993677, 0.110639, 0.0191311, -0.0191312, -0.33473, 0.942121, 0.110638, 0.935797, 0.334729, 0.0584267, -0.0177979, 0.041226)
constraints/4/bone_direction = Transform3D(0.993633, 0.0102479, -0.112212, 0.0192948, -0.996623, 0.0798371, -0.111013, -0.0814934, -0.990474, 0.0584267, -0.0177979, 0.041226)
constraints/5/bone_name = &"RightUpperLeg"
constraints/5/twist_from = 3.14159
constraints/5/twist_range = 6.28318
constraints/5/twist_current = 0.373052
constraints/5/kusudama_limit_cone_count = 1
constraints/5/kusudama_limit_cone/0/center = Vector3(0, -1, 0)
constraints/5/kusudama_limit_cone/0/radius = 1.39626
constraints/5/kusudama_twist = Transform3D(1, 0, 0, 0, 1, 0, 0, 0, 1, -0.06, 0.678082, -0.020541)
constraints/5/kusudama_orientation = Transform3D(0.98382, 0.00422293, -0.179109, 0.0105938, 0.996602, 0.0816877, 0.178845, -0.0822636, 0.980432, -0.0767879, 0.675696, -0.0509579)
constraints/5/bone_direction = Transform3D(-0.993026, -0.0505019, 0.106535, 0.056604, -0.996878, 0.0550514, 0.103423, 0.0606979, 0.992784, -0.0767879, 0.675696, -0.0509579)
constraints/6/bone_name = &"RightLowerLeg"
constraints/6/twist_from = 3.14159
constraints/6/twist_range = 6.28318
constraints/6/twist_current = 0.0534881
constraints/6/kusudama_limit_cone_count = 3
constraints/6/kusudama_limit_cone/0/center = Vector3(0, 1, 0)
constraints/6/kusudama_limit_cone/0/radius = 0.0349066
constraints/6/kusudama_limit_cone/1/center = Vector3(0, 0, -1)
constraints/6/kusudama_limit_cone/1/radius = 0.0349066
constraints/6/kusudama_limit_cone/2/center = Vector3(0, -1, 0)
constraints/6/kusudama_limit_cone/2/radius = 0.0349066
constraints/6/kusudama_twist = Transform3D(-1, 0, 0, 0, -1, 0, 0, 0, 1, -0.0512445, 0.37912, -0.00912553)
constraints/6/kusudama_orientation = Transform3D(-0.994018, -0.0173317, 0.10783, 0.0274492, -0.995282, 0.0930635, 0.105708, 0.0954667, 0.989804, -0.0720255, 0.378449, -0.0119864)
constraints/6/bone_direction = Transform3D(0.973959, -0.0101874, 0.226496, 0.00399005, -0.998065, -0.0620489, 0.22669, 0.0613369, -0.972034, -0.0720255, 0.378449, -0.0119864)
constraints/7/bone_name = &"RightFoot"
constraints/7/twist_from = 3.14159
constraints/7/twist_range = 6.28318
constraints/7/twist_current = 0.95645
constraints/7/kusudama_limit_cone_count = 1
constraints/7/kusudama_limit_cone/0/center = Vector3(0, 1, 0)
constraints/7/kusudama_limit_cone/0/radius = 3.49066
constraints/7/kusudama_twist = Transform3D(1, 0, 0, 0, -1, 0, 0, 0, -1, -0.0376792, 0.0449262, -0.034202)
constraints/7/kusudama_orientation = Transform3D(0.97323, 0.0461743, 0.225148, 0.0444468, -0.998931, 0.0127385, 0.225495, -0.00239027, -0.974241, -0.0376791, 0.0449236, -0.034202)
constraints/7/bone_direction = Transform3D(-1, 1.77417e-07, -6.70552e-08, -1.13621e-07, -5.96046e-08, 1, -8.19564e-08, 1, -1.19209e-07, -0.0376791, 0.0449236, -0.034202)
constraints/8/bone_name = &"RightToes"
constraints/8/twist_from = 3.14159
constraints/8/twist_range = 6.28318
constraints/8/twist_current = 0.999987
constraints/8/kusudama_limit_cone_count = 1
constraints/8/kusudama_limit_cone/0/center = Vector3(0, 0, -1)
constraints/8/kusudama_limit_cone/0/radius = 0.261799
constraints/8/kusudama_twist = Transform3D(-1, 0, 0, 0, 0, 1, 0, 1, 0, -0.0487425, 0.0114534, 0.0593778)
constraints/8/kusudama_orientation = Transform3D(-0.993677, -0.110633, -0.0191302, 0.0191301, -0.334728, 0.942121, -0.110634, 0.935798, 0.334728, -0.0583788, -0.0178009, 0.0408819)
constraints/8/bone_direction = Transform3D(0.993681, -0.0101603, 0.111785, -0.0191971, -0.996606, 0.0800653, 0.110592, -0.081705, -0.990503, -0.0583788, -0.0178009, 0.0408819)
constraints/9/bone_name = &"Spine"
constraints/9/twist_from = 3.14159
constraints/9/twist_range = 6.28318
constraints/9/twist_current = 0.500001
constraints/9/kusudama_limit_cone_count = 1
constraints/9/kusudama_limit_cone/0/center = Vector3(0, 1, 0)
constraints/9/kusudama_limit_cone/0/radius = 0.0174533
constraints/9/kusudama_twist = Transform3D(1, 0, 0, 0, 1, 0, 0, 0, 1, 2.35367e-16, 0.755446, -0.010541)
constraints/9/kusudama_orientation = Transform3D(0.98382, 0.00422293, -0.179109, 0.0105938, 0.996602, 0.0816877, 0.178845, -0.0822636, 0.980432, -0.0191355, 0.7551, -0.0367851)
constraints/9/bone_direction = Transform3D(0.983703, -0.00156289, -0.179793, 0.0141719, 0.997525, 0.0688682, 0.17924, -0.0702939, 0.981291, -0.0191355, 0.7551, -0.0367851)
constraints/10/bone_name = &"Spine1"
constraints/10/twist_from = 3.14159
constraints/10/twist_range = 6.28318
constraints/10/twist_current = 0.493994
constraints/10/kusudama_limit_cone_count = 0
constraints/10/kusudama_twist = Transform3D(1, 0, 0, 0, 1, 0, 0, 0, 1, -1.09107e-08, 0.822257, -0.01048)
constraints/10/kusudama_orientation = Transform3D(0.983703, -0.00172721, -0.179791, 0.0141721, 0.997588, 0.0679574, 0.17924, -0.069398, 0.981355, -0.0192613, 0.822025, -0.0413857)
constraints/10/bone_direction = Transform3D(0.967317, 0.0857577, -0.238628, -0.182976, 0.887584, -0.422747, 0.175548, 0.452593, 0.874267, -0.0192613, 0.822025, -0.0413857)
constraints/11/bone_name = &"Chest"
constraints/11/twist_from = 3.14159
constraints/11/twist_range = 6.28318
constraints/11/twist_current = 0.531228
constraints/11/kusudama_limit_cone_count = 1
constraints/11/kusudama_limit_cone/0/center = Vector3(0, 1, 0)
constraints/11/kusudama_limit_cone/0/radius = 0.0872665
constraints/11/kusudama_twist = Transform3D(1, 0, 0, 0, 1, 0, 0, 0, 1, -5.6124e-08, 0.910321, -0.0197794)
constraints/11/kusudama_orientation = Transform3D(0.967317, 0.110342, -0.228303, -0.182976, 0.92707, -0.327202, 0.175549, 0.358282, 0.916961, -0.00738921, 0.906943, -0.0182846)
constraints/11/bone_direction = Transform3D(0.997139, 0.0658966, -0.0370529, -0.074992, 0.92418, -0.374523, 0.00956391, 0.37623, 0.926478, -0.00738921, 0.906943, -0.0182846)
constraints/12/bone_name = &"LeftCord1"
constraints/12/twist_from = 3.14159
constraints/12/twist_range = 6.28318
constraints/12/twist_current = null
constraints/12/kusudama_limit_cone_count = 0
constraints/12/kusudama_twist = Transform3D(1, 0, 0, 0, 1, 0, 0, 0, 1, 0, 0, 0)
constraints/12/kusudama_orientation = Transform3D(1, 0, 0, 0, 1, 0, 0, 0, 1, 0, 0, 0)
constraints/12/bone_direction = Transform3D(1, 0, 0, 0, 1, 0, 0, 0, 1, 0, 0, 0)
constraints/13/bone_name = &"LeftCord2"
constraints/13/twist_from = 3.14159
constraints/13/twist_range = 6.28318
constraints/13/twist_current = null
constraints/13/kusudama_limit_cone_count = 0
constraints/13/kusudama_twist = Transform3D(1, 0, 0, 0, 1, 0, 0, 0, 1, 0, 0, 0)
constraints/13/kusudama_orientation = Transform3D(1, 0, 0, 0, 1, 0, 0, 0, 1, 0, 0, 0)
constraints/13/bone_direction = Transform3D(1, 0, 0, 0, 1, 0, 0, 0, 1, 0, 0, 0)
constraints/14/bone_name = &"LeftCord3"
constraints/14/twist_from = 3.14159
constraints/14/twist_range = 6.28318
constraints/14/twist_current = null
constraints/14/kusudama_limit_cone_count = 0
constraints/14/kusudama_twist = Transform3D(1, 0, 0, 0, 1, 0, 0, 0, 1, 0, 0, 0)
constraints/14/kusudama_orientation = Transform3D(1, 0, 0, 0, 1, 0, 0, 0, 1, 0, 0, 0)
constraints/14/bone_direction = Transform3D(1, 0, 0, 0, 1, 0, 0, 0, 1, 0, 0, 0)
constraints/15/bone_name = &"LeftShoulder"
constraints/15/twist_from = 3.14159
constraints/15/twist_range = 6.28318
constraints/15/twist_current = 0.199539
constraints/15/kusudama_limit_cone_count = 1
constraints/15/kusudama_limit_cone/0/center = Vector3(1, 0, 0)
constraints/15/kusudama_limit_cone/0/radius = 0.523599
constraints/15/kusudama_twist = Transform3D(1, 0, 0, 0, 1, 0, 0, 0, 1, 0.0299999, 1.00097, -0.0377453)
constraints/15/kusudama_orientation = Transform3D(0.997139, 0.0723578, -0.0218986, -0.0749914, 0.983366, -0.165433, 0.00956407, 0.166602, 0.985979, 0.0294458, 0.99559, -0.0208498)
constraints/15/bone_direction = Transform3D(0.0597574, 0.998199, -0.0055972, 0.222877, -0.00787643, 0.974816, 0.973015, -0.0594995, -0.222947, 0.0294458, 0.99559, -0.0208498)
constraints/16/bone_name = &"LeftUpperArm"
constraints/16/twist_from = 3.14159
constraints/16/twist_range = 6.28318
constraints/16/twist_current = 0.983767
constraints/16/kusudama_limit_cone_count = 1
constraints/16/kusudama_limit_cone/0/center = Vector3(0, 1, 0)
constraints/16/kusudama_limit_cone/0/radius = 0.0174533
constraints/16/kusudama_twist = Transform3D(0, 1, 0, 0, 0, 1, 1, 0, 0, 0.0911541, 1.00097, -0.0377453)
constraints/16/kusudama_orientation = Transform3D(0.0597577, 0.998199, -0.0055972, 0.222877, -0.0078765, 0.974816, 0.973015, -0.0594998, -0.222947, 0.0906551, 0.994856, -0.0244375)
constraints/16/bone_direction = Transform3D(-0.054714, 0.998108, 0.0281808, -0.320979, 0.00914373, -0.947045, -0.945508, -0.0608614, 0.319872, 0.0906551, 0.994856, -0.0244375)
constraints/17/bone_name = &"LeftLowerArm"
constraints/17/twist_from = 3.14159
constraints/17/twist_range = 6.28318
constraints/17/twist_current = 0.25833
constraints/17/kusudama_limit_cone_count = 3
constraints/17/kusudama_limit_cone/0/center = Vector3(0, 1, 0)
constraints/17/kusudama_limit_cone/0/radius = 0.0174533
constraints/17/kusudama_limit_cone/1/center = Vector3(-1, 0, 0)
constraints/17/kusudama_limit_cone/1/radius = 0.349066
constraints/17/kusudama_limit_cone/2/center = Vector3(0, -1, 0)
constraints/17/kusudama_limit_cone/2/radius = 0.174533
constraints/17/kusudama_twist = Transform3D(0, 1, 0, 0, 0, -1, -1, 0, 0, 0.251153, 1.00052, -0.0378541)
constraints/17/kusudama_orientation = Transform3D(-0.0553926, 0.998147, 0.0253333, -0.320984, 0.00622371, -0.947067, -0.945467, -0.0605915, 0.320045, 0.250775, 0.995102, -0.03401)
constraints/17/bone_direction = Transform3D(0.0488858, 0.998696, 0.0151779, -0.961912, 0.0429818, 0.269984, 0.268978, -0.0277979, 0.962754, 0.250775, 0.995102, -0.03401)
constraints/18/bone_name = &"LeftHand"
constraints/18/twist_from = 3.14159
constraints/18/twist_range = 6.28318
constraints/18/twist_current = 0.793462
constraints/18/kusudama_limit_cone_count = 1
constraints/18/kusudama_limit_cone/0/center = Vector3(0, 1, 0)
constraints/18/kusudama_limit_cone/0/radius = 0.349066
constraints/18/kusudama_twist = Transform3D(0, 1, 0, -1, 0, 0, 0, 0, 1, 0.401153, 1.00009, -0.0379312)
constraints/18/kusudama_orientation = Transform3D(0.0460268, 0.998824, 0.0156916, -0.96203, 0.0400891, 0.270005, 0.269058, -0.027523, 0.96274, 0.401145, 1.00009, -0.0379308)
constraints/18/bone_direction = Transform3D(-2.35625e-07, 1.00001, 5.66244e-07, -1.49012e-07, -6.78003e-07, -1.00001, -1.00002, -1.1446e-06, -2.68221e-07, 0.401145, 1.00009, -0.0379308)
constraints/19/bone_name = &"LeftIndexProximal"
constraints/19/twist_from = 3.14159
constraints/19/twist_range = 6.28318
constraints/19/twist_current = null
constraints/19/kusudama_limit_cone_count = 0
constraints/19/kusudama_twist = Transform3D(1, 0, 0, 0, 1, 0, 0, 0, 1, 0, 0, 0)
constraints/19/kusudama_orientation = Transform3D(1, 0, 0, 0, 1, 0, 0, 0, 1, 0, 0, 0)
constraints/19/bone_direction = Transform3D(1, 0, 0, 0, 1, 0, 0, 0, 1, 0, 0, 0)
constraints/20/bone_name = &"LeftIndexIntermediate"
constraints/20/twist_from = 3.14159
constraints/20/twist_range = 6.28318
constraints/20/twist_current = null
constraints/20/kusudama_limit_cone_count = 0
constraints/20/kusudama_twist = Transform3D(1, 0, 0, 0, 1, 0, 0, 0, 1, 0, 0, 0)
constraints/20/kusudama_orientation = Transform3D(1, 0, 0, 0, 1, 0, 0, 0, 1, 0, 0, 0)
constraints/20/bone_direction = Transform3D(1, 0, 0, 0, 1, 0, 0, 0, 1, 0, 0, 0)
constraints/21/bone_name = &"LeftIndexDistal"
constraints/21/twist_from = 3.14159
constraints/21/twist_range = 6.28318
constraints/21/twist_current = null
constraints/21/kusudama_limit_cone_count = 0
constraints/21/kusudama_twist = Transform3D(1, 0, 0, 0, 1, 0, 0, 0, 1, 0, 0, 0)
constraints/21/kusudama_orientation = Transform3D(1, 0, 0, 0, 1, 0, 0, 0, 1, 0, 0, 0)
constraints/21/bone_direction = Transform3D(1, 0, 0, 0, 1, 0, 0, 0, 1, 0, 0, 0)
constraints/22/bone_name = &"LeftHandIndex4"
constraints/22/twist_from = 3.14159
constraints/22/twist_range = 6.28318
constraints/22/twist_current = null
constraints/22/kusudama_limit_cone_count = 0
constraints/22/kusudama_twist = Transform3D(1, 0, 0, 0, 1, 0, 0, 0, 1, 0, 0, 0)
constraints/22/kusudama_orientation = Transform3D(1, 0, 0, 0, 1, 0, 0, 0, 1, 0, 0, 0)
constraints/22/bone_direction = Transform3D(1, 0, 0, 0, 1, 0, 0, 0, 1, 0, 0, 0)
constraints/23/bone_name = &"LeftMiddleProximal"
constraints/23/twist_from = 3.14159
constraints/23/twist_range = 6.28318
constraints/23/twist_current = null
constraints/23/kusudama_limit_cone_count = 0
constraints/23/kusudama_twist = Transform3D(1, 0, 0, 0, 1, 0, 0, 0, 1, 0, 0, 0)
constraints/23/kusudama_orientation = Transform3D(1, 0, 0, 0, 1, 0, 0, 0, 1, 0, 0, 0)
constraints/23/bone_direction = Transform3D(1, 0, 0, 0, 1, 0, 0, 0, 1, 0, 0, 0)
constraints/24/bone_name = &"LeftMiddleIntermediate"
constraints/24/twist_from = 3.14159
constraints/24/twist_range = 6.28318
constraints/24/twist_current = null
constraints/24/kusudama_limit_cone_count = 0
constraints/24/kusudama_twist = Transform3D(1, 0, 0, 0, 1, 0, 0, 0, 1, 0, 0, 0)
constraints/24/kusudama_orientation = Transform3D(1, 0, 0, 0, 1, 0, 0, 0, 1, 0, 0, 0)
constraints/24/bone_direction = Transform3D(1, 0, 0, 0, 1, 0, 0, 0, 1, 0, 0, 0)
constraints/25/bone_name = &"LeftMiddleDistal"
constraints/25/twist_from = 3.14159
constraints/25/twist_range = 6.28318
constraints/25/twist_current = null
constraints/25/kusudama_limit_cone_count = 0
constraints/25/kusudama_twist = Transform3D(1, 0, 0, 0, 1, 0, 0, 0, 1, 0, 0, 0)
constraints/25/kusudama_orientation = Transform3D(1, 0, 0, 0, 1, 0, 0, 0, 1, 0, 0, 0)
constraints/25/bone_direction = Transform3D(1, 0, 0, 0, 1, 0, 0, 0, 1, 0, 0, 0)
constraints/26/bone_name = &"LeftHandMiddle4"
constraints/26/twist_from = 3.14159
constraints/26/twist_range = 6.28318
constraints/26/twist_current = null
constraints/26/kusudama_limit_cone_count = 0
constraints/26/kusudama_twist = Transform3D(1, 0, 0, 0, 1, 0, 0, 0, 1, 0, 0, 0)
constraints/26/kusudama_orientation = Transform3D(1, 0, 0, 0, 1, 0, 0, 0, 1, 0, 0, 0)
constraints/26/bone_direction = Transform3D(1, 0, 0, 0, 1, 0, 0, 0, 1, 0, 0, 0)
constraints/27/bone_name = &"LeftLittleProximal"
constraints/27/twist_from = 3.14159
constraints/27/twist_range = 6.28318
constraints/27/twist_current = null
constraints/27/kusudama_limit_cone_count = 0
constraints/27/kusudama_twist = Transform3D(1, 0, 0, 0, 1, 0, 0, 0, 1, 0, 0, 0)
constraints/27/kusudama_orientation = Transform3D(1, 0, 0, 0, 1, 0, 0, 0, 1, 0, 0, 0)
constraints/27/bone_direction = Transform3D(1, 0, 0, 0, 1, 0, 0, 0, 1, 0, 0, 0)
constraints/28/bone_name = &"LeftLittleIntermediate"
constraints/28/twist_from = 3.14159
constraints/28/twist_range = 6.28318
constraints/28/twist_current = null
constraints/28/kusudama_limit_cone_count = 0
constraints/28/kusudama_twist = Transform3D(1, 0, 0, 0, 1, 0, 0, 0, 1, 0, 0, 0)
constraints/28/kusudama_orientation = Transform3D(1, 0, 0, 0, 1, 0, 0, 0, 1, 0, 0, 0)
constraints/28/bone_direction = Transform3D(1, 0, 0, 0, 1, 0, 0, 0, 1, 0, 0, 0)
constraints/29/bone_name = &"LeftLittleDistal"
constraints/29/twist_from = 3.14159
constraints/29/twist_range = 6.28318
constraints/29/twist_current = null
constraints/29/kusudama_limit_cone_count = 0
constraints/29/kusudama_twist = Transform3D(1, 0, 0, 0, 1, 0, 0, 0, 1, 0, 0, 0)
constraints/29/kusudama_orientation = Transform3D(1, 0, 0, 0, 1, 0, 0, 0, 1, 0, 0, 0)
constraints/29/bone_direction = Transform3D(1, 0, 0, 0, 1, 0, 0, 0, 1, 0, 0, 0)
constraints/30/bone_name = &"LeftHandPinky4"
constraints/30/twist_from = 3.14159
constraints/30/twist_range = 6.28318
constraints/30/twist_current = null
constraints/30/kusudama_limit_cone_count = 0
constraints/30/kusudama_twist = Transform3D(1, 0, 0, 0, 1, 0, 0, 0, 1, 0, 0, 0)
constraints/30/kusudama_orientation = Transform3D(1, 0, 0, 0, 1, 0, 0, 0, 1, 0, 0, 0)
constraints/30/bone_direction = Transform3D(1, 0, 0, 0, 1, 0, 0, 0, 1, 0, 0, 0)
constraints/31/bone_name = &"LeftRingProximal"
constraints/31/twist_from = 3.14159
constraints/31/twist_range = 6.28318
constraints/31/twist_current = null
constraints/31/kusudama_limit_cone_count = 0
constraints/31/kusudama_twist = Transform3D(1, 0, 0, 0, 1, 0, 0, 0, 1, 0, 0, 0)
constraints/31/kusudama_orientation = Transform3D(1, 0, 0, 0, 1, 0, 0, 0, 1, 0, 0, 0)
constraints/31/bone_direction = Transform3D(1, 0, 0, 0, 1, 0, 0, 0, 1, 0, 0, 0)
constraints/32/bone_name = &"LeftRingIntermediate"
constraints/32/twist_from = 3.14159
constraints/32/twist_range = 6.28318
constraints/32/twist_current = null
constraints/32/kusudama_limit_cone_count = 0
constraints/32/kusudama_twist = Transform3D(1, 0, 0, 0, 1, 0, 0, 0, 1, 0, 0, 0)
constraints/32/kusudama_orientation = Transform3D(1, 0, 0, 0, 1, 0, 0, 0, 1, 0, 0, 0)
constraints/32/bone_direction = Transform3D(1, 0, 0, 0, 1, 0, 0, 0, 1, 0, 0, 0)
constraints/33/bone_name = &"LeftRingDistal"
constraints/33/twist_from = 3.14159
constraints/33/twist_range = 6.28318
constraints/33/twist_current = null
constraints/33/kusudama_limit_cone_count = 0
constraints/33/kusudama_twist = Transform3D(1, 0, 0, 0, 1, 0, 0, 0, 1, 0, 0, 0)
constraints/33/kusudama_orientation = Transform3D(1, 0, 0, 0, 1, 0, 0, 0, 1, 0, 0, 0)
constraints/33/bone_direction = Transform3D(1, 0, 0, 0, 1, 0, 0, 0, 1, 0, 0, 0)
constraints/34/bone_name = &"LeftHandRing4"
constraints/34/twist_from = 3.14159
constraints/34/twist_range = 6.28318
constraints/34/twist_current = null
constraints/34/kusudama_limit_cone_count = 0
constraints/34/kusudama_twist = Transform3D(1, 0, 0, 0, 1, 0, 0, 0, 1, 0, 0, 0)
constraints/34/kusudama_orientation = Transform3D(1, 0, 0, 0, 1, 0, 0, 0, 1, 0, 0, 0)
constraints/34/bone_direction = Transform3D(1, 0, 0, 0, 1, 0, 0, 0, 1, 0, 0, 0)
constraints/35/bone_name = &"LeftThumbMetacarpal"
constraints/35/twist_from = 3.14159
constraints/35/twist_range = 6.28318
constraints/35/twist_current = null
constraints/35/kusudama_limit_cone_count = 0
constraints/35/kusudama_twist = Transform3D(1, 0, 0, 0, 1, 0, 0, 0, 1, 0, 0, 0)
constraints/35/kusudama_orientation = Transform3D(1, 0, 0, 0, 1, 0, 0, 0, 1, 0, 0, 0)
constraints/35/bone_direction = Transform3D(1, 0, 0, 0, 1, 0, 0, 0, 1, 0, 0, 0)
constraints/36/bone_name = &"LeftThumbProximal"
constraints/36/twist_from = 3.14159
constraints/36/twist_range = 6.28318
constraints/36/twist_current = null
constraints/36/kusudama_limit_cone_count = 0
constraints/36/kusudama_twist = Transform3D(1, 0, 0, 0, 1, 0, 0, 0, 1, 0, 0, 0)
constraints/36/kusudama_orientation = Transform3D(1, 0, 0, 0, 1, 0, 0, 0, 1, 0, 0, 0)
constraints/36/bone_direction = Transform3D(1, 0, 0, 0, 1, 0, 0, 0, 1, 0, 0, 0)
constraints/37/bone_name = &"LeftThumbDistal"
constraints/37/twist_from = 3.14159
constraints/37/twist_range = 6.28318
constraints/37/twist_current = null
constraints/37/kusudama_limit_cone_count = 0
constraints/37/kusudama_twist = Transform3D(1, 0, 0, 0, 1, 0, 0, 0, 1, 0, 0, 0)
constraints/37/kusudama_orientation = Transform3D(1, 0, 0, 0, 1, 0, 0, 0, 1, 0, 0, 0)
constraints/37/bone_direction = Transform3D(1, 0, 0, 0, 1, 0, 0, 0, 1, 0, 0, 0)
constraints/38/bone_name = &"LeftHandThumb4"
constraints/38/twist_from = 3.14159
constraints/38/twist_range = 6.28318
constraints/38/twist_current = null
constraints/38/kusudama_limit_cone_count = 0
constraints/38/kusudama_twist = Transform3D(1, 0, 0, 0, 1, 0, 0, 0, 1, 0, 0, 0)
constraints/38/kusudama_orientation = Transform3D(1, 0, 0, 0, 1, 0, 0, 0, 1, 0, 0, 0)
constraints/38/bone_direction = Transform3D(1, 0, 0, 0, 1, 0, 0, 0, 1, 0, 0, 0)
constraints/39/bone_name = &"Neck"
constraints/39/twist_from = 3.14159
constraints/39/twist_range = 6.28318
constraints/39/twist_current = 0.169619
constraints/39/kusudama_limit_cone_count = 1
constraints/39/kusudama_limit_cone/0/center = Vector3(0, 1, 0)
constraints/39/kusudama_limit_cone/0/radius = 0.872665
constraints/39/kusudama_twist = Transform3D(1, 0, 0, 0, 1, 0, 0, 0, 1, -1.28106e-07, 1.03356, -0.0514217)
constraints/39/kusudama_orientation = Transform3D(0.997139, 0.0723578, -0.0218986, -0.0749914, 0.983366, -0.165433, 0.00956407, 0.166602, 0.985979, 0.00220654, 1.03308, -0.0290631)
constraints/39/bone_direction = Transform3D(-0.47424, 0.323128, -0.818956, 0.0243684, 0.934673, 0.354674, 0.88006, 0.148243, -0.451133, 0.00220654, 1.03308, -0.0290631)
constraints/40/bone_name = &"Head"
constraints/40/twist_from = 3.14159
constraints/40/twist_range = 6.28318
constraints/40/twist_current = 0.828783
constraints/40/kusudama_limit_cone_count = 1
constraints/40/kusudama_limit_cone/0/center = Vector3(0, 1, 0)
constraints/40/kusudama_limit_cone/0/radius = 0.174533
constraints/40/kusudama_twist = Transform3D(1, 0, 0, 0, 1, 0, 0, 0, 1, -1.2489e-07, 1.08301, -0.0360208)
constraints/40/kusudama_orientation = Transform3D(-0.47424, 0.0649925, -0.877995, 0.0243683, 0.997859, 0.0607028, 0.88006, 0.00739178, -0.474808, -0.00814122, 1.08301, -0.0360221)
constraints/40/bone_direction = Transform3D(1, 1.15484e-07, 1.49012e-07, -7.07805e-08, 1, -7.48783e-07, 4.17233e-07, -2.04891e-08, 1, -0.00814122, 1.08301, -0.0360221)
constraints/41/bone_name = &"LeftEye"
constraints/41/twist_from = 3.14159
constraints/41/twist_range = 6.28318
constraints/41/twist_current = null
constraints/41/kusudama_limit_cone_count = 0
constraints/41/kusudama_twist = Transform3D(1, 0, 0, 0, 1, 0, 0, 0, 1, 0, 0, 0)
constraints/41/kusudama_orientation = Transform3D(1, 0, 0, 0, 1, 0, 0, 0, 1, 0, 0, 0)
constraints/41/bone_direction = Transform3D(1, 0, 0, 0, 1, 0, 0, 0, 1, 0, 0, 0)
constraints/42/bone_name = &"LeftHair_A_1_1"
constraints/42/twist_from = 3.14159
constraints/42/twist_range = 6.28318
constraints/42/twist_current = null
constraints/42/kusudama_limit_cone_count = 0
constraints/42/kusudama_twist = Transform3D(1, 0, 0, 0, 1, 0, 0, 0, 1, 0, 0, 0)
constraints/42/kusudama_orientation = Transform3D(1, 0, 0, 0, 1, 0, 0, 0, 1, 0, 0, 0)
constraints/42/bone_direction = Transform3D(1, 0, 0, 0, 1, 0, 0, 0, 1, 0, 0, 0)
constraints/43/bone_name = &"LeftHair_A_1_2"
constraints/43/twist_from = 3.14159
constraints/43/twist_range = 6.28318
constraints/43/twist_current = null
constraints/43/kusudama_limit_cone_count = 0
constraints/43/kusudama_twist = Transform3D(1, 0, 0, 0, 1, 0, 0, 0, 1, 0, 0, 0)
constraints/43/kusudama_orientation = Transform3D(1, 0, 0, 0, 1, 0, 0, 0, 1, 0, 0, 0)
constraints/43/bone_direction = Transform3D(1, 0, 0, 0, 1, 0, 0, 0, 1, 0, 0, 0)
constraints/44/bone_name = &"LeftHair_A_1_3"
constraints/44/twist_from = 3.14159
constraints/44/twist_range = 6.28318
constraints/44/twist_current = null
constraints/44/kusudama_limit_cone_count = 0
constraints/44/kusudama_twist = Transform3D(1, 0, 0, 0, 1, 0, 0, 0, 1, 0, 0, 0)
constraints/44/kusudama_orientation = Transform3D(1, 0, 0, 0, 1, 0, 0, 0, 1, 0, 0, 0)
constraints/44/bone_direction = Transform3D(1, 0, 0, 0, 1, 0, 0, 0, 1, 0, 0, 0)
constraints/45/bone_name = &"LeftHair_A_2_1"
constraints/45/twist_from = 3.14159
constraints/45/twist_range = 6.28318
constraints/45/twist_current = null
constraints/45/kusudama_limit_cone_count = 0
constraints/45/kusudama_twist = Transform3D(1, 0, 0, 0, 1, 0, 0, 0, 1, 0, 0, 0)
constraints/45/kusudama_orientation = Transform3D(1, 0, 0, 0, 1, 0, 0, 0, 1, 0, 0, 0)
constraints/45/bone_direction = Transform3D(1, 0, 0, 0, 1, 0, 0, 0, 1, 0, 0, 0)
constraints/46/bone_name = &"LeftHair_A_2_2"
constraints/46/twist_from = 3.14159
constraints/46/twist_range = 6.28318
constraints/46/twist_current = null
constraints/46/kusudama_limit_cone_count = 0
constraints/46/kusudama_twist = Transform3D(1, 0, 0, 0, 1, 0, 0, 0, 1, 0, 0, 0)
constraints/46/kusudama_orientation = Transform3D(1, 0, 0, 0, 1, 0, 0, 0, 1, 0, 0, 0)
constraints/46/bone_direction = Transform3D(1, 0, 0, 0, 1, 0, 0, 0, 1, 0, 0, 0)
constraints/47/bone_name = &"LeftHair_A_3_1"
constraints/47/twist_from = 3.14159
constraints/47/twist_range = 6.28318
constraints/47/twist_current = null
constraints/47/kusudama_limit_cone_count = 0
constraints/47/kusudama_twist = Transform3D(1, 0, 0, 0, 1, 0, 0, 0, 1, 0, 0, 0)
constraints/47/kusudama_orientation = Transform3D(1, 0, 0, 0, 1, 0, 0, 0, 1, 0, 0, 0)
constraints/47/bone_direction = Transform3D(1, 0, 0, 0, 1, 0, 0, 0, 1, 0, 0, 0)
constraints/48/bone_name = &"LeftHair_A_3_2"
constraints/48/twist_from = 3.14159
constraints/48/twist_range = 6.28318
constraints/48/twist_current = null
constraints/48/kusudama_limit_cone_count = 0
constraints/48/kusudama_twist = Transform3D(1, 0, 0, 0, 1, 0, 0, 0, 1, 0, 0, 0)
constraints/48/kusudama_orientation = Transform3D(1, 0, 0, 0, 1, 0, 0, 0, 1, 0, 0, 0)
constraints/48/bone_direction = Transform3D(1, 0, 0, 0, 1, 0, 0, 0, 1, 0, 0, 0)
constraints/49/bone_name = &"LeftHair_B_1_1"
constraints/49/twist_from = 3.14159
constraints/49/twist_range = 6.28318
constraints/49/twist_current = null
constraints/49/kusudama_limit_cone_count = 0
constraints/49/kusudama_twist = Transform3D(1, 0, 0, 0, 1, 0, 0, 0, 1, 0, 0, 0)
constraints/49/kusudama_orientation = Transform3D(1, 0, 0, 0, 1, 0, 0, 0, 1, 0, 0, 0)
constraints/49/bone_direction = Transform3D(1, 0, 0, 0, 1, 0, 0, 0, 1, 0, 0, 0)
constraints/50/bone_name = &"LeftHair_B_1_2"
constraints/50/twist_from = 3.14159
constraints/50/twist_range = 6.28318
constraints/50/twist_current = null
constraints/50/kusudama_limit_cone_count = 0
constraints/50/kusudama_twist = Transform3D(1, 0, 0, 0, 1, 0, 0, 0, 1, 0, 0, 0)
constraints/50/kusudama_orientation = Transform3D(1, 0, 0, 0, 1, 0, 0, 0, 1, 0, 0, 0)
