[gd_scene load_steps=5 format=3 uid="uid://rccd5u6rp0u1"]

[ext_resource type="PackedScene" uid="uid://cfek0gpqx0r3q" path="res://frog/Frogdude.glb" id="1_xs2dd"]

[sub_resource type="StandardMaterial3D" id="StandardMaterial3D_go3im"]
no_depth_test = true
albedo_color = Color(0.662745, 0.52549, 0.184314, 0.403922)

[sub_resource type="SphereMesh" id="SphereMesh_uqy88"]
material = SubResource("StandardMaterial3D_go3im")
radius = 0.05
height = 0.1

[sub_resource type="StandardMaterial3D" id="StandardMaterial3D_87raj"]
no_depth_test = true
albedo_color = Color(0.662745, 0.52549, 0.184314, 0.403922)

[node name="Node3D" type="Node3D"]

[node name="Frogdude" parent="." instance=ExtResource("1_xs2dd")]

[node name="GeneralSkeleton" parent="Frogdude/Frogdude2/RootNode" index="0"]
bones/0/position = Vector3(0.00311252, 0.386041, 0.0258565)
bones/0/rotation = Quaternion(0.0111574, -0.0177558, 0.00351263, 0.999774)
bones/1/position = Vector3(-3.81639e-17, 0.0532063, 0.00128478)
bones/1/rotation = Quaternion(-0.0129078, -0.0440253, 0.084054, 0.995404)
bones/2/position = Vector3(-1.38778e-15, 0.062074, 0.00149891)
bones/2/rotation = Quaternion(0.00545326, 0.142457, -0.0886431, 0.985809)
bones/3/position = Vector3(-2.25514e-17, 0.0709418, 0.00171305)
bones/3/rotation = Quaternion(-0.0152144, -0.0470991, -0.0320795, 0.998259)
bones/4/position = Vector3(7.42462e-16, 0.0798094, 0.00192718)
bones/4/rotation = Quaternion(-0.0904806, -0.0339834, 0.0210862, 0.995095)
bones/5/position = Vector3(-4.16334e-17, 0.0585746, 0.0180559)
bones/5/rotation = Quaternion(0.111419, -0.00249659, 0.00850583, 0.993734)
bones/6/position = Vector3(0.0381882, 0.0659051, 0.0018699)
bones/6/rotation = Quaternion(0.737323, 0.453776, 0.404973, -0.294005)
bones/7/position = Vector3(-0.000114552, 0.0766562, -0.028059)
bones/7/rotation = Quaternion(-0.033629, 0.940458, 0.334351, -0.0511669)
bones/8/position = Vector3(-0.0083796, 0.070478, 0.0620828)
bones/8/rotation = Quaternion(0.284561, -0.526822, 0.149021, 0.786941)
bones/9/position = Vector3(0.0526088, 0.0700578, 0.00847566)
bones/9/rotation = Quaternion(-0.000407121, 0.677104, -0.00114941, 0.735887)
bones/19/position = Vector3(-0.0381882, 0.0659052, 0.00198446)
bones/19/rotation = Quaternion(0.740751, -0.450814, -0.41056, -0.281949)
bones/20/position = Vector3(-0.000114553, 0.0766562, -0.028059)
bones/20/rotation = Quaternion(0.260768, 0.917402, 0.30062, 0.000904154)
bones/21/position = Vector3(0.00864858, 0.070478, 0.0620828)
bones/21/rotation = Quaternion(0.345936, 0.452904, -0.278599, 0.773039)
bones/22/position = Vector3(-0.0526088, 0.0700578, 0.00830746)
bones/22/rotation = Quaternion(0.000104576, -0.672823, -0.000879579, 0.739803)
bones/32/position = Vector3(0.0874459, -0.0294881, -0.00239364)
bones/32/rotation = Quaternion(0.0519738, -0.0284665, 0.997626, 0.0350855)
bones/33/position = Vector3(-0.0112005, 0.170136, -0.0184781)
bones/33/rotation = Quaternion(-0.0508319, 0.99743, 0.0357516, -0.0356681)
bones/34/position = Vector3(-0.00266424, 0.125629, 0.00673422)
bones/34/rotation = Quaternion(-0.00123603, -0.706739, 0.706839, -0.0299512)
bones/36/position = Vector3(-0.0874459, -0.0294881, -0.000676899)
bones/36/rotation = Quaternion(0.146378, -0.0202899, 0.988475, -0.0328614)
bones/37/position = Vector3(0.0112005, 0.170136, -0.0206751)
bones/37/rotation = Quaternion(0.0596934, 0.989686, 0.0236367, -0.128062)
bones/38/position = Vector3(0.00266434, 0.125629, 0.00629914)
bones/38/rotation = Quaternion(0.00135908, -0.706098, 0.707358, 0.0326674)

[node name="BoneAttachment3D" parent="Frogdude/Frogdude2/RootNode/GeneralSkeleton" index="0"]
transform = Transform3D(1, -0.000573539, -0.000435247, 0.000574938, 0.999995, 0.00322007, 0.000433398, -0.00322032, 0.999995, -0.0012588, 0.712047, 0.0323968)

[node name="BoneAttachment3D2" parent="Frogdude/Frogdude2/RootNode/GeneralSkeleton" index="1"]
transform = Transform3D(0.0174729, 0.708662, 0.70447, 0.999745, -0.00230922, -0.0224435, -0.0142955, 0.704683, -0.708522, 0.290453, 0.427727, 0.0896138)

[node name="BoneAttachment3D3" parent="Frogdude/Frogdude2/RootNode/GeneralSkeleton" index="2"]
transform = Transform3D(0.166151, 0.985945, -0.0174729, -0.0170022, -0.0148523, -0.999745, -0.985954, 0.166406, 0.0142955, 0.306355, 0.417668, 0.062283)

[node name="BoneAttachment3D4" parent="Frogdude/Frogdude2/RootNode/GeneralSkeleton" index="3"]
transform = Transform3D(0.166151, 0.985945, -0.0174729, -0.0170022, -0.0148523, -0.999745, -0.985954, 0.166406, 0.0142955, 0.310544, 0.416942, 0.0307832)

[node name="BoneAttachment3D5" parent="Frogdude/Frogdude2/RootNode/GeneralSkeleton" index="4"]
transform = Transform3D(0.021587, -0.697566, -0.715347, -0.999744, -0.0199362, -0.0106918, -0.00681132, 0.715394, -0.697818, -0.291629, 0.427212, 0.0889581)

[node name="BoneAttachment3D6" parent="Frogdude/Frogdude2/RootNode/GeneralSkeleton" index="5"]
transform = Transform3D(0.181448, -0.983164, 0.021587, -0.00278204, -0.0224644, -0.999744, 0.983397, 0.181341, -0.00681132, -0.307718, 0.41771, 0.060369)

[node name="BoneAttachment3D7" parent="Frogdude/Frogdude2/RootNode/GeneralSkeleton" index="6"]
transform = Transform3D(0.181448, -0.983164, 0.021587, -0.00278204, -0.0224644, -0.999744, 0.983397, 0.181341, -0.00681132, -0.312937, 0.417335, 0.0281701)

[node name="BoneAttachment3D8" parent="Frogdude/Frogdude2/RootNode/GeneralSkeleton" index="7"]
transform = Transform3D(0.99918, 0.0404937, -0.000299011, 6.09085e-05, -0.00888677, -0.999961, -0.0404948, 0.99914, -0.00888194, 0.0916567, 0.0225826, 0.0705302)

[node name="BoneAttachment3D9" parent="Frogdude/Frogdude2/RootNode/GeneralSkeleton" index="8"]
transform = Transform3D(0.998952, -0.045774, 0.000149128, -6.45561e-05, -0.00466673, -0.999989, 0.0457742, 0.998941, -0.0046648, -0.0912858, 0.0209093, 0.0715046)

[node name="ManyBoneIK3D" type="ManyBoneIK3D" parent="Frogdude/Frogdude2/RootNode/GeneralSkeleton" index="10"]
iterations_per_frame = 10.0
default_damp = 0.785398
filter_bones = [&"LeftIndexProximal", &"LeftLittleProximal", &"LeftMiddleProximal", &"LeftRingProximal", &"LeftThumbMetacarpal", &"RightIndexProximal", &"RightLittleProximal", &"RightMiddleProximal", &"RightRingProximal", &"RightThumbMetacarpal", &"RightToes", &"LeftToes", &"RightEye", &"LeftEye"]
pin_count = 40
pins/0/bone_name = "Hips"
pins/0/target_node = NodePath("Hips")
pins/0/passthrough_factor = 1.0
pins/0/weight = 1.0
pins/0/direction_priorities = Vector3(0.2, 0, 0.2)
pins/1/bone_name = "Spine"
pins/1/target_node = NodePath("")
pins/1/passthrough_factor = 1.0
pins/1/weight = 0.2
pins/1/direction_priorities = Vector3(0.2, 0, 0.2)
pins/2/bone_name = "Chest"
pins/2/target_node = NodePath("")
pins/2/passthrough_factor = 1.0
pins/2/weight = 1.0
pins/2/direction_priorities = Vector3(0.2, 0, 0.2)
pins/3/bone_name = "UpperChest"
pins/3/target_node = NodePath("")
pins/3/passthrough_factor = 1.0
pins/3/weight = 1.0
pins/3/direction_priorities = Vector3(0.2, 0, 0.2)
pins/4/bone_name = "Neck"
pins/4/target_node = NodePath("")
pins/4/passthrough_factor = 1.0
pins/4/weight = 1.0
pins/4/direction_priorities = Vector3(0.2, 0, 0.2)
pins/5/bone_name = "Head"
pins/5/target_node = NodePath("Head")
pins/5/passthrough_factor = 1.0
pins/5/weight = 1.0
pins/5/direction_priorities = Vector3(0.2, 0, 0.2)
pins/6/bone_name = "LeftShoulder"
pins/6/target_node = NodePath("")
pins/6/passthrough_factor = 1.0
pins/6/weight = 1.0
pins/6/direction_priorities = Vector3(0.2, 0, 0.2)
pins/7/bone_name = "LeftUpperArm"
pins/7/target_node = NodePath("")
pins/7/passthrough_factor = 1.0
pins/7/weight = 1.0
pins/7/direction_priorities = Vector3(0.2, 0, 0.2)
pins/8/bone_name = "LeftLowerArm"
pins/8/target_node = NodePath("LeftLowerArm")
pins/8/passthrough_factor = 1.0
pins/8/weight = 1.0
pins/8/direction_priorities = Vector3(0.2, 0, 0.2)
pins/9/bone_name = "LeftHand"
pins/9/target_node = NodePath("LeftHand")
pins/9/passthrough_factor = 1.0
pins/9/weight = 1.0
pins/9/direction_priorities = Vector3(0.2, 0, 0.2)
pins/10/bone_name = "LeftThumbMetacarpal"
pins/10/target_node = NodePath("")
pins/10/passthrough_factor = 1.0
pins/10/weight = 1.0
pins/10/direction_priorities = Vector3(0.2, 0, 0.2)
pins/11/bone_name = "LeftThumbProximal"
pins/11/target_node = NodePath("")
pins/11/passthrough_factor = 1.0
pins/11/weight = 1.0
pins/11/direction_priorities = Vector3(0.2, 0, 0.2)
pins/12/bone_name = "LeftThumbDistal"
pins/12/target_node = NodePath("")
pins/12/passthrough_factor = 1.0
pins/12/weight = 1.0
pins/12/direction_priorities = Vector3(0.2, 0, 0.2)
pins/13/bone_name = "LeftIndexProximal"
pins/13/target_node = NodePath("")
pins/13/passthrough_factor = 1.0
pins/13/weight = 1.0
pins/13/direction_priorities = Vector3(0.2, 0, 0.2)
pins/14/bone_name = "LeftIndexIntermediate"
pins/14/target_node = NodePath("")
pins/14/passthrough_factor = 1.0
pins/14/weight = 1.0
pins/14/direction_priorities = Vector3(0.2, 0, 0.2)
pins/15/bone_name = "LeftIndexDistal"
pins/15/target_node = NodePath("")
pins/15/passthrough_factor = 1.0
pins/15/weight = 1.0
pins/15/direction_priorities = Vector3(0.2, 0, 0.2)
pins/16/bone_name = "LeftMiddleProximal"
pins/16/target_node = NodePath("")
pins/16/passthrough_factor = 1.0
pins/16/weight = 1.0
pins/16/direction_priorities = Vector3(0.2, 0, 0.2)
pins/17/bone_name = "LeftMiddleIntermediate"
pins/17/target_node = NodePath("")
pins/17/passthrough_factor = 1.0
pins/17/weight = 1.0
pins/17/direction_priorities = Vector3(0.2, 0, 0.2)
pins/18/bone_name = "LeftMiddleDistal"
pins/18/target_node = NodePath("")
pins/18/passthrough_factor = 1.0
pins/18/weight = 1.0
pins/18/direction_priorities = Vector3(0.2, 0, 0.2)
pins/19/bone_name = "RightShoulder"
pins/19/target_node = NodePath("")
pins/19/passthrough_factor = 1.0
pins/19/weight = 1.0
pins/19/direction_priorities = Vector3(0.2, 0, 0.2)
pins/20/bone_name = "RightUpperArm"
pins/20/target_node = NodePath("")
pins/20/passthrough_factor = 1.0
pins/20/weight = 1.0
pins/20/direction_priorities = Vector3(0.2, 0, 0.2)
pins/21/bone_name = "RightLowerArm"
pins/21/target_node = NodePath("RightLowerArm")
pins/21/passthrough_factor = 1.0
pins/21/weight = 1.0
pins/21/direction_priorities = Vector3(0.2, 0, 0.2)
pins/22/bone_name = "RightHand"
pins/22/target_node = NodePath("RightHand")
pins/22/passthrough_factor = 1.0
pins/22/weight = 1.0
pins/22/direction_priorities = Vector3(0.2, 0, 0.2)
pins/23/bone_name = "RightThumbMetacarpal"
pins/23/target_node = NodePath("")
pins/23/passthrough_factor = 1.0
pins/23/weight = 1.0
pins/23/direction_priorities = Vector3(0.2, 0, 0.2)
pins/24/bone_name = "RightThumbProximal"
pins/24/target_node = NodePath("")
pins/24/passthrough_factor = 1.0
pins/24/weight = 1.0
pins/24/direction_priorities = Vector3(0.2, 0, 0.2)
pins/25/bone_name = "RightThumbDistal"
pins/25/target_node = NodePath("")
pins/25/passthrough_factor = 1.0
pins/25/weight = 1.0
pins/25/direction_priorities = Vector3(0.2, 0, 0.2)
pins/26/bone_name = "RightIndexProximal"
pins/26/target_node = NodePath("")
pins/26/passthrough_factor = 1.0
pins/26/weight = 1.0
pins/26/direction_priorities = Vector3(0.2, 0, 0.2)
pins/27/bone_name = "RightIndexIntermediate"
pins/27/target_node = NodePath("")
pins/27/passthrough_factor = 1.0
pins/27/weight = 1.0
pins/27/direction_priorities = Vector3(0.2, 0, 0.2)
pins/28/bone_name = "RightIndexDistal"
pins/28/target_node = NodePath("")
pins/28/passthrough_factor = 1.0
pins/28/weight = 1.0
pins/28/direction_priorities = Vector3(0.2, 0, 0.2)
pins/29/bone_name = "RightMiddleProximal"
pins/29/target_node = NodePath("")
pins/29/passthrough_factor = 1.0
pins/29/weight = 1.0
pins/29/direction_priorities = Vector3(0.2, 0, 0.2)
pins/30/bone_name = "RightMiddleIntermediate"
pins/30/target_node = NodePath("")
pins/30/passthrough_factor = 1.0
pins/30/weight = 1.0
pins/30/direction_priorities = Vector3(0.2, 0, 0.2)
pins/31/bone_name = "RightMiddleDistal"
pins/31/target_node = NodePath("")
pins/31/passthrough_factor = 1.0
pins/31/weight = 1.0
pins/31/direction_priorities = Vector3(0.2, 0, 0.2)
pins/32/bone_name = "LeftUpperLeg"
pins/32/target_node = NodePath("")
pins/32/passthrough_factor = 1.0
pins/32/weight = 1.0
pins/32/direction_priorities = Vector3(0.2, 0, 0.2)
pins/33/bone_name = "LeftLowerLeg"
pins/33/target_node = NodePath("LeftLowerLeg")
pins/33/passthrough_factor = 1.0
pins/33/weight = 1.0
pins/33/direction_priorities = Vector3(0.2, 0, 0.2)
pins/34/bone_name = "LeftFoot"
pins/34/target_node = NodePath("LeftFoot")
pins/34/passthrough_factor = 0.0
pins/34/weight = 1.0
pins/34/direction_priorities = Vector3(0.2, 0, 0.2)
pins/35/bone_name = "LeftToes"
pins/35/target_node = NodePath("")
pins/35/passthrough_factor = 1.0
pins/35/weight = 1.0
pins/35/direction_priorities = Vector3(0.2, 0, 0.2)
pins/36/bone_name = "RightUpperLeg"
pins/36/target_node = NodePath("")
pins/36/passthrough_factor = 1.0
pins/36/weight = 1.0
pins/36/direction_priorities = Vector3(0.2, 0, 0.2)
pins/37/bone_name = "RightLowerLeg"
pins/37/target_node = NodePath("RightLowerLeg")
pins/37/passthrough_factor = 1.0
pins/37/weight = 1.0
pins/37/direction_priorities = Vector3(0.2, 0, 0.2)
pins/38/bone_name = "RightFoot"
pins/38/target_node = NodePath("RightFoot")
pins/38/passthrough_factor = 0.0
pins/38/weight = 1.0
pins/38/direction_priorities = Vector3(0.2, 0, 0.2)
pins/39/bone_name = "RightToes"
pins/39/target_node = NodePath("")
pins/39/passthrough_factor = 1.0
pins/39/weight = 1.0
pins/39/direction_priorities = Vector3(0.2, 0, 0.2)
constraint_count = 40
constraints/0/bone_name = &"Hips"
constraints/0/twist_from = 5.93586
constraints/0/twist_range = 0.436332
constraints/0/twist_current = 1.0
constraints/0/kusudama_limit_cone_count = 0
constraints/0/kusudama_twist = Transform3D(1, 0, 0, 0, 1, 0, 0, 0, 1, 0, 0, 0)
constraints/0/kusudama_orientation = Transform3D(1, 0, 0, 0, 1, 0, 0, 0, 1, 0.00311252, 0.386041, 0.0258565)
constraints/0/bone_direction = Transform3D(1, 4.33681e-19, -3.46945e-18, 5.42101e-19, 1, -3.46945e-18, 0, 3.46945e-18, 1, 0, 0, 0)
constraints/1/bone_name = &"Spine"
constraints/1/twist_from = 6.19592
constraints/1/twist_range = 0.523599
constraints/1/twist_current = 1.0
constraints/1/kusudama_limit_cone_count = 1
constraints/1/kusudama_limit_cone/0/center = Vector3(0, 1, 0)
constraints/1/kusudama_limit_cone/0/radius = 0.174533
constraints/1/kusudama_twist = Transform3D(1, 9.75782e-19, -1.04083e-17, 2.1684e-18, 1, -3.46945e-18, -4.89006e-36, 3.46945e-18, 1, -4.33681e-18, 0.0532063, 0.00128478)
constraints/1/kusudama_orientation = Transform3D(1, 4.33681e-19, -3.46945e-18, 5.42101e-19, 1, -3.46945e-18, 0, 3.46945e-18, 1, -3.81639e-17, 0.0532063, 0.00128478)
constraints/1/bone_direction = Transform3D(1, -2.51231e-15, -1.38778e-17, 2.56229e-15, 0.999709, 0.0241401, -2.77556e-17, -0.0241401, 0.999709, 0, 0, 0)
constraints/2/bone_name = &"Chest"
constraints/2/twist_from = 6.19592
constraints/2/twist_range = 0.523599
constraints/2/twist_current = 1.0
constraints/2/kusudama_limit_cone_count = 1
constraints/2/kusudama_limit_cone/0/center = Vector3(0, 1, 0)
constraints/2/kusudama_limit_cone/0/radius = 0.174533
constraints/2/kusudama_twist = Transform3D(1, -2.68882e-17, 4.66436e-35, 5.63785e-17, 1, 7.70372e-34, 2.77556e-17, -3.46945e-18, 1, 1.80411e-16, 0.062074, 0.00149891)
constraints/2/kusudama_orientation = Transform3D(1, -1.34441e-17, 0, 1.43115e-17, 1, 0, 1.38778e-17, 0, 1, -1.38778e-15, 0.062074, 0.00149891)
constraints/2/bone_direction = Transform3D(1, 5.26922e-17, -1.38778e-17, -5.29091e-17, 0.999709, 0.0241402, 0, -0.0241402, 0.999709, 0, 0, 0)
constraints/3/bone_name = &"UpperChest"
constraints/3/twist_from = 6.19592
constraints/3/twist_range = 0.523599
constraints/3/twist_current = 1.0
constraints/3/kusudama_limit_cone_count = 1
constraints/3/kusudama_limit_cone/0/center = Vector3(0, 1, 0)
constraints/3/kusudama_limit_cone/0/radius = 0.0872665
constraints/3/kusudama_twist = Transform3D(1, 8.67362e-19, 1.38778e-17, -8.67362e-19, 1, -5.20417e-18, 0, 0, 1, -5.20417e-18, 0.0709418, 0.00171305)
constraints/3/kusudama_orientation = Transform3D(1, 2.1684e-19, 0, -2.1684e-19, 1, -1.73472e-18, 0, 0, 1, -2.25514e-17, 0.0709418, 0.00171305)
constraints/3/bone_direction = Transform3D(1, -2.72352e-16, -6.93889e-18, 2.54137e-16, 0.999627, 0.0273102, -6.93889e-18, -0.0273102, 0.999627, 0, 0, 0)
constraints/4/bone_name = &"Neck"
constraints/4/twist_from = 6.21337
constraints/4/twist_range = 0.174533
constraints/4/twist_current = 1.0
constraints/4/kusudama_limit_cone_count = 1
constraints/4/kusudama_limit_cone/0/center = Vector3(0, 1, 0)
constraints/4/kusudama_limit_cone/0/radius = 0.523599
constraints/4/kusudama_twist = Transform3D(1, -3.03577e-17, -1.38778e-17, 5.20417e-18, 1, 1.38778e-17, -2.08167e-17, 6.93889e-18, 1, 4.85723e-17, 0.0798094, 0.00192718)
constraints/4/kusudama_orientation = Transform3D(1, -8.23994e-18, -6.93889e-18, 2.1684e-18, 1, 6.93889e-18, -6.93889e-18, 0, 1, 7.42462e-16, 0.0798094, 0.00192718)
constraints/4/bone_direction = Transform3D(1, -8.03936e-17, -1.40946e-17, 9.86624e-17, 0.955628, 0.294577, -9.32414e-18, -0.294577, 0.955628, 0, 0, 0)
constraints/5/bone_name = &"Head"
constraints/5/twist_from = 0.0
constraints/5/twist_range = 0.174533
constraints/5/twist_current = 1.0
constraints/5/kusudama_limit_cone_count = 1
constraints/5/kusudama_limit_cone/0/center = Vector3(0, 1, 0)
constraints/5/kusudama_limit_cone/0/radius = 0.523599
constraints/5/kusudama_twist = Transform3D(1, -5.47522e-18, -2.38524e-18, -2.38524e-18, 1, -1.38778e-16, 8.67362e-19, -8.32667e-17, 1, 6.93889e-18, 0.0585746, 0.0180559)
constraints/5/kusudama_orientation = Transform3D(1, -2.92735e-18, -1.0842e-18, 4.87891e-19, 1, -5.55112e-17, 2.1684e-19, -2.77556e-17, 1, -4.16334e-17, 0.0585746, 0.0180559)
constraints/5/bone_direction = Transform3D(1, 0, 0, 0, 1, 0, 0, 0, 1, 0, 0, 0)
constraints/6/bone_name = &"LeftShoulder"
constraints/6/twist_from = 4.36332
constraints/6/twist_range = -0.698132
constraints/6/twist_current = 1.0
constraints/6/kusudama_limit_cone_count = 1
constraints/6/kusudama_limit_cone/0/center = Vector3(1, 0, 0)
constraints/6/kusudama_limit_cone/0/radius = 0.261799
constraints/6/kusudama_twist = Transform3D(-2.12937e-16, 1, -6.93889e-17, -1, -1.60896e-16, -7.63278e-17, -2.08167e-17, -2.08167e-17, 1, 0.0381882, 0.0659051, 0.0018699)
constraints/6/kusudama_orientation = Transform3D(1, -8.23994e-18, -6.93889e-18, 2.1684e-18, 1, 6.93889e-18, -6.93889e-18, 0, 1, 0.0381882, 0.0659051, 0.0018699)
constraints/6/bone_direction = Transform3D(0.999999, 0.0014033, -0.00024876, -0.0014033, 0.939066, -0.343733, -0.00024876, 0.343733, 0.939067, 0, 0, 0)
constraints/7/bone_name = &"LeftUpperArm"
constraints/7/twist_from = -2.0944
constraints/7/twist_range = -1.0472
constraints/7/twist_current = 1.0
constraints/7/kusudama_limit_cone_count = 3
constraints/7/kusudama_limit_cone/0/center = Vector3(1, 1, 1)
constraints/7/kusudama_limit_cone/0/radius = 0.872665
constraints/7/kusudama_limit_cone/1/center = Vector3(2, 0.5, -2)
constraints/7/kusudama_limit_cone/1/radius = 1.13446
constraints/7/kusudama_limit_cone/2/center = Vector3(0, 1, -1)
constraints/7/kusudama_limit_cone/2/radius = 0.349066
constraints/7/kusudama_twist = Transform3D(0.624649, 0.765446, 0.154615, -0.765446, 0.56096, 0.315303, 0.154615, -0.315303, 0.936311, -0.000114552, 0.0766562, -0.028059)
constraints/7/kusudama_orientation = Transform3D(1, -6.93889e-17, 5.55112e-17, 1.38778e-17, 1, 4.16334e-17, 5.55112e-17, -1.38778e-17, 1, -0.000114552, 0.0766562, -0.028059)
constraints/7/bone_direction = Transform3D(0.995481, 0.0888653, 0.0334824, -0.0888653, 0.747416, 0.658386, 0.0334824, -0.658386, 0.751936, 0, 0, 0)
constraints/8/bone_name = &"LeftLowerArm"
constraints/8/twist_from = -1.309
constraints/8/twist_range = -1.74533
constraints/8/twist_current = 1.0
constraints/8/kusudama_limit_cone_count = 3
constraints/8/kusudama_limit_cone/0/center = Vector3(0, 1, 0)
constraints/8/kusudama_limit_cone/0/radius = 0.349066
constraints/8/kusudama_limit_cone/1/center = Vector3(-1, 0, 0)
constraints/8/kusudama_limit_cone/1/radius = 0.349066
constraints/8/kusudama_limit_cone/2/center = Vector3(0, 0.8, 0)
constraints/8/kusudama_limit_cone/2/radius = 0.349066
constraints/8/kusudama_twist = Transform3D(0.894427, -0.447214, -4.93048e-17, 0.447214, 0.894427, -4.01682e-17, -1.54074e-33, -4.16334e-17, 1, -0.0083796, 0.070478, 0.0620828)
constraints/8/kusudama_orientation = Transform3D(1, -5.55112e-17, 0, 5.55112e-17, 1, -1.38778e-17, 0, -1.38778e-17, 1, -0.0083796, 0.070478, 0.0620828)
constraints/8/bone_direction = Transform3D(0.801088, -0.597688, -0.0320461, 0.597688, 0.795925, 0.0962918, -0.0320461, -0.0962918, 0.994837, 0, 0, 0)
constraints/9/bone_name = &"LeftHand"
constraints/9/twist_from = -4.79966
constraints/9/twist_range = -0.349066
constraints/9/twist_current = 1.0
constraints/9/kusudama_limit_cone_count = 1
constraints/9/kusudama_limit_cone/0/center = Vector3(0, 1, 0)
constraints/9/kusudama_limit_cone/0/radius = 0.349066
constraints/9/kusudama_twist = Transform3D(1, -3.85186e-34, -4.81482e-35, 1.04083e-17, 1, 5.55112e-17, -1.44445e-34, -2.77556e-17, 1, 0.0526088, 0.0700578, 0.00847566)
constraints/9/kusudama_orientation = Transform3D(1, 1.73472e-18, 0, 1.73472e-18, 1, 0, 0, 0, 1, 0.0526088, 0.0700578, 0.00847566)
constraints/9/bone_direction = Transform3D(0.985537, 0.169457, 0.00127227, -0.169457, 0.985425, 0.0149065, 0.00127227, -0.0149065, 0.999888, 0, 0, 0)
constraints/10/bone_name = &"LeftThumbMetacarpal"
constraints/10/twist_from = 0.0
constraints/10/twist_range = 6.28318
constraints/10/twist_current = null
constraints/10/kusudama_limit_cone_count = 0
constraints/10/kusudama_twist = Transform3D(1, 0, 0, 0, 1, 0, 0, 0, 1, 0, 0, 0)
constraints/10/kusudama_orientation = Transform3D(1, 0, 0, 0, 1, 0, 0, 0, 1, 0, 0, 0)
constraints/10/bone_direction = Transform3D(1, 0, 0, 0, 1, 0, 0, 0, 1, 0, 0, 0)
constraints/11/bone_name = &"LeftThumbProximal"
constraints/11/twist_from = 0.0
constraints/11/twist_range = 6.28318
constraints/11/twist_current = null
constraints/11/kusudama_limit_cone_count = 0
constraints/11/kusudama_twist = Transform3D(1, 0, 0, 0, 1, 0, 0, 0, 1, 0, 0, 0)
constraints/11/kusudama_orientation = Transform3D(1, 0, 0, 0, 1, 0, 0, 0, 1, 0, 0, 0)
constraints/11/bone_direction = Transform3D(1, 0, 0, 0, 1, 0, 0, 0, 1, 0, 0, 0)
constraints/12/bone_name = &"LeftThumbDistal"
constraints/12/twist_from = 0.0
constraints/12/twist_range = 6.28318
constraints/12/twist_current = null
constraints/12/kusudama_limit_cone_count = 0
constraints/12/kusudama_twist = Transform3D(1, 0, 0, 0, 1, 0, 0, 0, 1, 0, 0, 0)
constraints/12/kusudama_orientation = Transform3D(1, 0, 0, 0, 1, 0, 0, 0, 1, 0, 0, 0)
constraints/12/bone_direction = Transform3D(1, 0, 0, 0, 1, 0, 0, 0, 1, 0, 0, 0)
constraints/13/bone_name = &"LeftIndexProximal"
constraints/13/twist_from = 0.0
constraints/13/twist_range = 6.28318
constraints/13/twist_current = null
constraints/13/kusudama_limit_cone_count = 0
constraints/13/kusudama_twist = Transform3D(1, 0, 0, 0, 1, 0, 0, 0, 1, 0, 0, 0)
constraints/13/kusudama_orientation = Transform3D(1, 0, 0, 0, 1, 0, 0, 0, 1, 0, 0, 0)
constraints/13/bone_direction = Transform3D(1, 0, 0, 0, 1, 0, 0, 0, 1, 0, 0, 0)
constraints/14/bone_name = &"LeftIndexIntermediate"
constraints/14/twist_from = 0.0
constraints/14/twist_range = 6.28318
constraints/14/twist_current = null
constraints/14/kusudama_limit_cone_count = 0
constraints/14/kusudama_twist = Transform3D(1, 0, 0, 0, 1, 0, 0, 0, 1, 0, 0, 0)
constraints/14/kusudama_orientation = Transform3D(1, 0, 0, 0, 1, 0, 0, 0, 1, 0, 0, 0)
constraints/14/bone_direction = Transform3D(1, 0, 0, 0, 1, 0, 0, 0, 1, 0, 0, 0)
constraints/15/bone_name = &"LeftIndexDistal"
constraints/15/twist_from = 0.0
constraints/15/twist_range = 6.28318
constraints/15/twist_current = null
constraints/15/kusudama_limit_cone_count = 0
constraints/15/kusudama_twist = Transform3D(1, 0, 0, 0, 1, 0, 0, 0, 1, 0, 0, 0)
constraints/15/kusudama_orientation = Transform3D(1, 0, 0, 0, 1, 0, 0, 0, 1, 0, 0, 0)
constraints/15/bone_direction = Transform3D(1, 0, 0, 0, 1, 0, 0, 0, 1, 0, 0, 0)
constraints/16/bone_name = &"LeftMiddleProximal"
constraints/16/twist_from = 0.0
constraints/16/twist_range = 6.28318
constraints/16/twist_current = null
constraints/16/kusudama_limit_cone_count = 0
constraints/16/kusudama_twist = Transform3D(1, 0, 0, 0, 1, 0, 0, 0, 1, 0, 0, 0)
constraints/16/kusudama_orientation = Transform3D(1, 0, 0, 0, 1, 0, 0, 0, 1, 0, 0, 0)
constraints/16/bone_direction = Transform3D(1, 0, 0, 0, 1, 0, 0, 0, 1, 0, 0, 0)
constraints/17/bone_name = &"LeftMiddleIntermediate"
constraints/17/twist_from = 0.0
constraints/17/twist_range = 6.28318
constraints/17/twist_current = null
constraints/17/kusudama_limit_cone_count = 0
constraints/17/kusudama_twist = Transform3D(1, 0, 0, 0, 1, 0, 0, 0, 1, 0, 0, 0)
constraints/17/kusudama_orientation = Transform3D(1, 0, 0, 0, 1, 0, 0, 0, 1, 0, 0, 0)
constraints/17/bone_direction = Transform3D(1, 0, 0, 0, 1, 0, 0, 0, 1, 0, 0, 0)
constraints/18/bone_name = &"LeftMiddleDistal"
constraints/18/twist_from = 0.0
constraints/18/twist_range = 6.28318
constraints/18/twist_current = null
constraints/18/kusudama_limit_cone_count = 0
constraints/18/kusudama_twist = Transform3D(1, 0, 0, 0, 1, 0, 0, 0, 1, 0, 0, 0)
constraints/18/kusudama_orientation = Transform3D(1, 0, 0, 0, 1, 0, 0, 0, 1, 0, 0, 0)
constraints/18/bone_direction = Transform3D(1, 0, 0, 0, 1, 0, 0, 0, 1, 0, 0, 0)
constraints/19/bone_name = &"RightShoulder"
constraints/19/twist_from = 1.3439
constraints/19/twist_range = 0.698132
constraints/19/twist_current = 1.0
constraints/19/kusudama_limit_cone_count = 1
constraints/19/kusudama_limit_cone/0/center = Vector3(-1, 0, 0)
constraints/19/kusudama_limit_cone/0/radius = 0.261799
constraints/19/kusudama_twist = Transform3D(-2.35055e-16, -1, -1.249e-16, 1, -2.01228e-16, 8.32667e-17, -1.38778e-17, -3.46945e-17, 1, -0.0381882, 0.0659052, 0.00198446)
constraints/19/kusudama_orientation = Transform3D(1, -8.23994e-18, -6.93889e-18, 2.1684e-18, 1, 6.93889e-18, -6.93889e-18, 0, 1, -0.0381882, 0.0659052, 0.00198446)
constraints/19/bone_direction = Transform3D(0.999999, 0.00140332, -0.000248762, -0.00140332, 0.939066, -0.343733, -0.000248762, 0.343733, 0.939067, 0, 0, 0)
constraints/20/bone_name = &"RightUpperArm"
constraints/20/twist_from = 2.0944
constraints/20/twist_range = 1.0472
constraints/20/twist_current = 1.0
constraints/20/kusudama_limit_cone_count = 3
constraints/20/kusudama_limit_cone/0/center = Vector3(0, 1, -0.5)
constraints/20/kusudama_limit_cone/0/radius = 0.872665
constraints/20/kusudama_limit_cone/1/center = Vector3(-2, 0.5, -0.2)
constraints/20/kusudama_limit_cone/1/radius = 1.13446
constraints/20/kusudama_limit_cone/2/center = Vector3(0, 0.2, 1)
constraints/20/kusudama_limit_cone/2/radius = 0.349066
constraints/20/kusudama_twist = Transform3D(0.718038, -0.694822, -0.0405461, 0.694822, 0.712207, 0.0999153, -0.0405461, -0.0999153, 0.994169, -0.000114553, 0.0766562, -0.028059)
constraints/20/kusudama_orientation = Transform3D(1, 3.46945e-18, -5.55112e-17, 6.93889e-18, 1, 1.73472e-18, -5.55112e-17, 3.81639e-17, 1, -0.000114553, 0.0766562, -0.028059)
constraints/20/bone_direction = Transform3D(0.995188, -0.0916942, -0.0345432, 0.0916942, 0.747224, 0.658216, -0.0345432, -0.658216, 0.752036, 0, 0, 0)
constraints/21/bone_name = &"RightLowerArm"
constraints/21/twist_from = 1.309
constraints/21/twist_range = 1.74533
constraints/21/twist_current = 1.0
constraints/21/kusudama_limit_cone_count = 3
constraints/21/kusudama_limit_cone/0/center = Vector3(0, 1, 0)
constraints/21/kusudama_limit_cone/0/radius = 0.349066
constraints/21/kusudama_limit_cone/1/center = Vector3(1, 0, 0)
constraints/21/kusudama_limit_cone/1/radius = 0.349066
constraints/21/kusudama_limit_cone/2/center = Vector3(0, 0.8, 0)
constraints/21/kusudama_limit_cone/2/radius = 0.349066
constraints/21/kusudama_twist = Transform3D(0.894427, 0.447214, 2.95056e-16, -0.447214, 0.894427, 3.65463e-17, -5.55112e-17, -2.77556e-17, 1, 0.00864858, 0.070478, 0.0620828)
constraints/21/kusudama_orientation = Transform3D(1, 0, 8.32667e-17, -5.55112e-17, 1, -2.77556e-17, -2.77556e-17, 0, 1, 0.00864858, 0.070478, 0.0620828)
constraints/21/bone_direction = Transform3D(0.801032, 0.597797, 0.0314191, -0.597797, 0.79607, 0.0943981, 0.0314191, -0.0943981, 0.995039, 0, 0, 0)
constraints/22/bone_name = &"RightHand"
constraints/22/twist_from = 4.79966
constraints/22/twist_range = 0.349066
constraints/22/twist_current = 1.0
constraints/22/kusudama_limit_cone_count = 1
constraints/22/kusudama_limit_cone/0/center = Vector3(0, 1, 0)
constraints/22/kusudama_limit_cone/0/radius = 0.349066
constraints/22/kusudama_twist = Transform3D(1, 2.77556e-17, -5.55112e-17, -2.08167e-17, 1, 8.32667e-17, 4.16334e-17, 0, 1, -0.0526088, 0.0700578, 0.00830746)
constraints/22/kusudama_orientation = Transform3D(1, 0, -1.38778e-17, 3.46945e-18, 1, 2.77556e-17, 1.38778e-17, 0, 1, -0.0526088, 0.0700578, 0.00830746)
constraints/22/bone_direction = Transform3D(0.983016, -0.183509, -0.00183082, 0.183509, 0.982819, 0.0197821, -0.00183082, -0.0197821, 0.999803, 0, 0, 0)
constraints/23/bone_name = &"RightThumbMetacarpal"
constraints/23/twist_from = 0.0
constraints/23/twist_range = 6.28318
constraints/23/twist_current = null
constraints/23/kusudama_limit_cone_count = 0
constraints/23/kusudama_twist = Transform3D(1, 0, 0, 0, 1, 0, 0, 0, 1, 0, 0, 0)
constraints/23/kusudama_orientation = Transform3D(1, 0, 0, 0, 1, 0, 0, 0, 1, 0, 0, 0)
constraints/23/bone_direction = Transform3D(1, 0, 0, 0, 1, 0, 0, 0, 1, 0, 0, 0)
constraints/24/bone_name = &"RightThumbProximal"
constraints/24/twist_from = 0.0
constraints/24/twist_range = 6.28318
constraints/24/twist_current = null
constraints/24/kusudama_limit_cone_count = 0
constraints/24/kusudama_twist = Transform3D(1, 0, 0, 0, 1, 0, 0, 0, 1, 0, 0, 0)
constraints/24/kusudama_orientation = Transform3D(1, 0, 0, 0, 1, 0, 0, 0, 1, 0, 0, 0)
constraints/24/bone_direction = Transform3D(1, 0, 0, 0, 1, 0, 0, 0, 1, 0, 0, 0)
constraints/25/bone_name = &"RightThumbDistal"
constraints/25/twist_from = 0.0
constraints/25/twist_range = 6.28318
constraints/25/twist_current = null
constraints/25/kusudama_limit_cone_count = 0
constraints/25/kusudama_twist = Transform3D(1, 0, 0, 0, 1, 0, 0, 0, 1, 0, 0, 0)
constraints/25/kusudama_orientation = Transform3D(1, 0, 0, 0, 1, 0, 0, 0, 1, 0, 0, 0)
constraints/25/bone_direction = Transform3D(1, 0, 0, 0, 1, 0, 0, 0, 1, 0, 0, 0)
constraints/26/bone_name = &"RightIndexProximal"
constraints/26/twist_from = 0.0
constraints/26/twist_range = 6.28318
constraints/26/twist_current = null
constraints/26/kusudama_limit_cone_count = 0
constraints/26/kusudama_twist = Transform3D(1, 0, 0, 0, 1, 0, 0, 0, 1, 0, 0, 0)
constraints/26/kusudama_orientation = Transform3D(1, 0, 0, 0, 1, 0, 0, 0, 1, 0, 0, 0)
constraints/26/bone_direction = Transform3D(1, 0, 0, 0, 1, 0, 0, 0, 1, 0, 0, 0)
constraints/27/bone_name = &"RightIndexIntermediate"
constraints/27/twist_from = 0.0
constraints/27/twist_range = 6.28318
constraints/27/twist_current = null
constraints/27/kusudama_limit_cone_count = 0
constraints/27/kusudama_twist = Transform3D(1, 0, 0, 0, 1, 0, 0, 0, 1, 0, 0, 0)
constraints/27/kusudama_orientation = Transform3D(1, 0, 0, 0, 1, 0, 0, 0, 1, 0, 0, 0)
constraints/27/bone_direction = Transform3D(1, 0, 0, 0, 1, 0, 0, 0, 1, 0, 0, 0)
constraints/28/bone_name = &"RightIndexDistal"
constraints/28/twist_from = 0.0
constraints/28/twist_range = 6.28318
constraints/28/twist_current = null
constraints/28/kusudama_limit_cone_count = 0
constraints/28/kusudama_twist = Transform3D(1, 0, 0, 0, 1, 0, 0, 0, 1, 0, 0, 0)
constraints/28/kusudama_orientation = Transform3D(1, 0, 0, 0, 1, 0, 0, 0, 1, 0, 0, 0)
constraints/28/bone_direction = Transform3D(1, 0, 0, 0, 1, 0, 0, 0, 1, 0, 0, 0)
constraints/29/bone_name = &"RightMiddleProximal"
constraints/29/twist_from = 0.0
constraints/29/twist_range = 6.28318
constraints/29/twist_current = null
constraints/29/kusudama_limit_cone_count = 0
constraints/29/kusudama_twist = Transform3D(1, 0, 0, 0, 1, 0, 0, 0, 1, 0, 0, 0)
constraints/29/kusudama_orientation = Transform3D(1, 0, 0, 0, 1, 0, 0, 0, 1, 0, 0, 0)
constraints/29/bone_direction = Transform3D(1, 0, 0, 0, 1, 0, 0, 0, 1, 0, 0, 0)
constraints/30/bone_name = &"RightMiddleIntermediate"
constraints/30/twist_from = 0.0
constraints/30/twist_range = 6.28318
constraints/30/twist_current = null
constraints/30/kusudama_limit_cone_count = 0
constraints/30/kusudama_twist = Transform3D(1, 0, 0, 0, 1, 0, 0, 0, 1, 0, 0, 0)
constraints/30/kusudama_orientation = Transform3D(1, 0, 0, 0, 1, 0, 0, 0, 1, 0, 0, 0)
constraints/30/bone_direction = Transform3D(1, 0, 0, 0, 1, 0, 0, 0, 1, 0, 0, 0)
constraints/31/bone_name = &"RightMiddleDistal"
constraints/31/twist_from = 0.0
constraints/31/twist_range = 6.28318
constraints/31/twist_current = null
constraints/31/kusudama_limit_cone_count = 0
constraints/31/kusudama_twist = Transform3D(1, 0, 0, 0, 1, 0, 0, 0, 1, 0, 0, 0)
constraints/31/kusudama_orientation = Transform3D(1, 0, 0, 0, 1, 0, 0, 0, 1, 0, 0, 0)
constraints/31/bone_direction = Transform3D(1, 0, 0, 0, 1, 0, 0, 0, 1, 0, 0, 0)
constraints/32/bone_name = &"LeftUpperLeg"
constraints/32/twist_from = 0.0
constraints/32/twist_range = 6.24828
constraints/32/twist_current = 1.0
constraints/32/kusudama_limit_cone_count = 1
constraints/32/kusudama_limit_cone/0/center = Vector3(0, -1, 0)
constraints/32/kusudama_limit_cone/0/radius = 1.39626
constraints/32/kusudama_twist = Transform3D(-0.999959, 0.00907559, -0.000219814, 0.00907559, 0.998786, -0.0484112, -0.000219814, -0.0484112, -0.998827, 0.0874459, -0.0294881, -0.00239364)
constraints/32/kusudama_orientation = Transform3D(1, 4.33681e-19, -3.46945e-18, 5.42101e-19, 1, -3.46945e-18, 0, 3.46945e-18, 1, 0.0874459, -0.0294881, -0.00239364)
constraints/32/bone_direction = Transform3D(0.997859, 0.065308, -0.0035323, -0.065308, 0.992031, -0.107742, -0.0035323, 0.107742, 0.994173, 0, 0, 0)
constraints/33/bone_name = &"LeftLowerLeg"
constraints/33/twist_from = 3.14159
constraints/33/twist_range = 0.349066
constraints/33/twist_current = 1.0
constraints/33/kusudama_limit_cone_count = 2
constraints/33/kusudama_limit_cone/0/center = Vector3(0, 1, 0)
constraints/33/kusudama_limit_cone/0/radius = 0.174533
constraints/33/kusudama_limit_cone/1/center = Vector3(0, -0.8, -1)
constraints/33/kusudama_limit_cone/1/radius = 0.174533
constraints/33/kusudama_twist = Transform3D(1, 1.82146e-17, -5.55112e-17, -1.80773e-17, 0.433189, 0.901303, -3.28401e-17, -0.901303, 0.433189, -0.0112005, 0.170136, -0.0184781)
constraints/33/kusudama_orientation = Transform3D(1, 8.67362e-19, -1.38778e-17, 0, 1, -1.38778e-17, -1.38778e-17, 1.38778e-17, 1, -0.0112005, 0.170136, -0.0184781)
constraints/33/bone_direction = Transform3D(0.999776, 0.0211721, 0.000566983, -0.0211721, 0.998343, 0.0535152, 0.000566983, -0.0535152, 0.998567, 0, 0, 0)
constraints/34/bone_name = &"LeftFoot"
constraints/34/twist_from = 3.14159
constraints/34/twist_range = 6.10865
constraints/34/twist_current = 1.0
constraints/34/kusudama_limit_cone_count = 1
constraints/34/kusudama_limit_cone/0/center = Vector3(1, 0, 0)
constraints/34/kusudama_limit_cone/0/radius = 1.5708
constraints/34/kusudama_twist = Transform3D(9.15175e-16, 1, -5.20417e-18, -1, 1.00714e-15, -2.08167e-17, 8.67362e-19, -3.46945e-18, 1, -0.00266424, 0.125629, 0.00673422)
constraints/34/kusudama_orientation = Transform3D(1, 6.36969e-18, -8.67362e-19, -3.93023e-19, 1, 0, 0, 0, 1, -0.00266424, 0.125629, 0.00673422)
constraints/34/bone_direction = Transform3D(0.999199, 0.0400138, -0.000182102, -0.0400138, 0.999158, -0.00909814, -0.000182102, 0.00909814, 0.999959, 0, 0, 0)
constraints/35/bone_name = &"LeftToes"
constraints/35/twist_from = 0.0
constraints/35/twist_range = 6.28318
constraints/35/twist_current = null
constraints/35/kusudama_limit_cone_count = 0
constraints/35/kusudama_twist = Transform3D(1, 0, 0, 0, 1, 0, 0, 0, 1, 0, 0, 0)
constraints/35/kusudama_orientation = Transform3D(1, 0, 0, 0, 1, 0, 0, 0, 1, 0, 0, 0)
constraints/35/bone_direction = Transform3D(1, 0, 0, 0, 1, 0, 0, 0, 1, 0, 0, 0)
constraints/36/bone_name = &"RightUpperLeg"
constraints/36/twist_from = 0.0
constraints/36/twist_range = 6.24828
constraints/36/twist_current = 1.0
constraints/36/kusudama_limit_cone_count = 1
constraints/36/kusudama_limit_cone/0/center = Vector3(0, -1, 0)
constraints/36/kusudama_limit_cone/0/radius = 1.39626
constraints/36/kusudama_twist = Transform3D(-0.999959, 0.00907559, -0.000219814, 0.00907559, 0.998786, -0.0484112, -0.000219814, -0.0484112, -0.998827, -0.0874459, -0.0294881, -0.000676899)
constraints/36/kusudama_orientation = Transform3D(1, 4.33681e-19, -3.46945e-18, 5.42101e-19, 1, -3.46945e-18, 0, 3.46945e-18, 1, -0.0874459, -0.0294881, -0.000676899)
constraints/36/bone_direction = Transform3D(0.997864, -0.0652128, 0.00394362, 0.0652128, 0.990584, -0.120377, 0.00394362, 0.120377, 0.99272, 0, 0, 0)
constraints/37/bone_name = &"RightLowerLeg"
constraints/37/twist_from = 3.14159
constraints/37/twist_range = 0.349066
constraints/37/twist_current = 1.0
constraints/37/kusudama_limit_cone_count = 2
constraints/37/kusudama_limit_cone/0/center = Vector3(0, 1, 0)
constraints/37/kusudama_limit_cone/0/radius = 0.174533
constraints/37/kusudama_limit_cone/1/center = Vector3(0, -0.8, -1)
constraints/37/kusudama_limit_cone/1/radius = 0.174533
constraints/37/kusudama_twist = Transform3D(1, 2.25514e-17, 5.55112e-17, -5.27238e-17, 0.433189, 0.901303, 6.23593e-17, -0.901303, 0.433189, 0.0112005, 0.170136, -0.0206751)
constraints/37/kusudama_orientation = Transform3D(1, 1.56125e-17, 0, 1.21431e-17, 1, 0, 2.77556e-17, -1.38778e-17, 1, 0.0112005, 0.170136, -0.0206751)
constraints/37/bone_direction = Transform3D(0.999776, -0.0211766, -0.000530514, 0.0211766, 0.998521, 0.0500667, -0.000530514, -0.0500667, 0.998746, 0, 0, 0)
constraints/38/bone_name = &"RightFoot"
constraints/38/twist_from = 3.14159
constraints/38/twist_range = 6.10865
constraints/38/twist_current = 1.0
constraints/38/kusudama_limit_cone_count = 1
constraints/38/kusudama_limit_cone/0/center = Vector3(1, 0, 0)
constraints/38/kusudama_limit_cone/0/radius = 1.5708
constraints/38/kusudama_twist = Transform3D(-6.08007e-16, 1, 4.16334e-17, -1, -4.74599e-16, 2.81893e-17, -8.67362e-19, -1.73472e-18, 1, 0.00266434, 0.125629, 0.00629914)
constraints/38/kusudama_orientation = Transform3D(1, 1.43826e-18, 4.33681e-19, 8.19589e-18, 1, 0, -4.33681e-19, 0, 1, 0.00266434, 0.125629, 0.00629914)
constraints/38/bone_direction = Transform3D(0.998829, -0.0483876, 0.000115145, 0.0483876, 0.998817, -0.00475644, 0.000115145, 0.00475644, 0.999989, 0, 0, 0)
constraints/39/bone_name = &"RightToes"
constraints/39/twist_from = 0.0
constraints/39/twist_range = 6.28318
constraints/39/twist_current = null
constraints/39/kusudama_limit_cone_count = 0
constraints/39/kusudama_twist = Transform3D(1, 0, 0, 0, 1, 0, 0, 0, 1, 0, 0, 0)
constraints/39/kusudama_orientation = Transform3D(1, 0, 0, 0, 1, 0, 0, 0, 1, 0, 0, 0)
constraints/39/bone_direction = Transform3D(1, 0, 0, 0, 1, 0, 0, 0, 1, 0, 0, 0)
bone_count = 40
bone/0/bone_name = "Hips"
bone/0/damp = 3.14159
bone/1/bone_name = "Spine"
bone/1/damp = 3.14159
bone/2/bone_name = "Chest"
bone/2/damp = 3.14159
bone/3/bone_name = "UpperChest"
bone/3/damp = 3.14159
bone/4/bone_name = "Neck"
bone/4/damp = 3.14159
bone/5/bone_name = "Head"
bone/5/damp = 3.14159
bone/6/bone_name = "LeftShoulder"
bone/6/damp = 3.14159
bone/7/bone_name = "LeftUpperArm"
bone/7/damp = 3.14159
bone/8/bone_name = "LeftLowerArm"
bone/8/damp = 3.14159
bone/9/bone_name = "LeftHand"
bone/9/damp = 3.14159
bone/10/bone_name = "LeftThumbMetacarpal"
bone/10/damp = 3.14159
bone/11/bone_name = "LeftThumbProximal"
bone/11/damp = 3.14159
bone/12/bone_name = "LeftThumbDistal"
bone/12/damp = 3.14159
bone/13/bone_name = "LeftIndexProximal"
bone/13/damp = 3.14159
bone/14/bone_name = "LeftIndexIntermediate"
bone/14/damp = 3.14159
bone/15/bone_name = "LeftIndexDistal"
bone/15/damp = 3.14159
bone/16/bone_name = "LeftMiddleProximal"
bone/16/damp = 3.14159
bone/17/bone_name = "LeftMiddleIntermediate"
bone/17/damp = 3.14159
