[gd_scene load_steps=5 format=3 uid="uid://rccd5u6rp0u1"]

[ext_resource type="PackedScene" uid="uid://cfek0gpqx0r3q" path="res://frog/Frogdude.glb" id="1_xs2dd"]

[sub_resource type="StandardMaterial3D" id="StandardMaterial3D_go3im"]
no_depth_test = true
albedo_color = Color(0.662745, 0.52549, 0.184314, 0.403922)

[sub_resource type="SphereMesh" id="SphereMesh_uqy88"]
material = SubResource("StandardMaterial3D_go3im")
radius = 0.05
height = 0.1

[sub_resource type="StandardMaterial3D" id="StandardMaterial3D_87raj"]
no_depth_test = true
albedo_color = Color(0.662745, 0.52549, 0.184314, 0.403922)

[node name="Node3D" type="Node3D"]

[node name="Frogdude" parent="." instance=ExtResource("1_xs2dd")]

[node name="GeneralSkeleton" parent="Frogdude/Frogdude2/RootNode" index="0"]
bones/0/position = Vector3(-0.0160017, 0.393894, -0.150938)
bones/0/rotation = Quaternion(0.311641, 0.0140057, -0.0205492, 0.949875)
bones/1/position = Vector3(2.49594e-07, 0.0531992, 0.0012815)
bones/1/rotation = Quaternion(0.0983858, 0.0434059, -0.0121557, 0.994127)
bones/2/position = Vector3(-3.25963e-08, 0.0620756, 0.00149941)
bones/2/rotation = Quaternion(0.0988077, 0.0434058, -0.00839253, 0.994124)
bones/3/position = Vector3(-1.86265e-08, 0.0709453, 0.00171259)
bones/3/rotation = Quaternion(0.0564507, -0.160492, -0.00520196, 0.985408)
bones/4/position = Vector3(2.08616e-07, 0.0798106, 0.00192729)
bones/4/rotation = Quaternion(-0.109035, -0.0260004, 0.0416647, 0.992824)
bones/5/position = Vector3(-2.90573e-07, 0.0585729, 0.0180558)
bones/5/rotation = Quaternion(-0.252482, 0.042133, 0.0569218, 0.965006)
bones/6/position = Vector3(0.0381888, 0.0659055, 0.00186929)
bones/6/rotation = Quaternion(0.770319, 0.606743, -0.0543554, 0.188462)
bones/7/position = Vector3(-0.000114322, 0.0766577, -0.0280569)
bones/7/rotation = Quaternion(0.349358, 0.816837, 0.189607, 0.418061)
bones/8/position = Vector3(-0.00838205, 0.0704776, 0.0620837)
bones/8/rotation = Quaternion(0.0481436, -0.704882, -0.253315, 0.660799)
bones/9/position = Vector3(0.052609, 0.0700565, 0.00847173)
bones/9/rotation = Quaternion(-0.107939, 0.994057, -0.0141408, 5.48339e-06)
bones/19/position = Vector3(-0.0381887, 0.0659055, 0.001984)
bones/19/rotation = Quaternion(0.775691, -0.485516, -0.365848, -0.169508)
bones/20/position = Vector3(-0.00011532, 0.0766577, -0.0280602)
bones/20/rotation = Quaternion(-0.29566, 0.840568, 0.256287, -0.374631)
bones/21/position = Vector3(0.0086491, 0.0704783, 0.062085)
bones/21/rotation = Quaternion(0.127555, 0.838247, 0.167367, 0.503051)
bones/22/position = Vector3(-0.0526105, 0.0700589, 0.00830787)
bones/22/rotation = Quaternion(0.130166, 0.969698, -0.116211, -0.170989)
bones/32/position = Vector3(0.0874454, -0.0294893, -0.00239336)
bones/32/rotation = Quaternion(0.85955, 0.0491391, -0.0647107, 0.504551)
bones/33/position = Vector3(-0.0112009, 0.170138, -0.0184776)
bones/33/rotation = Quaternion(0.0970323, 0.118664, 0.0599631, 0.986361)
bones/34/position = Vector3(-0.00266407, 0.125628, 0.00673407)
bones/34/rotation = Quaternion(0.0160137, 0.982098, 0.109124, 0.152706)
bones/36/position = Vector3(-0.0874462, -0.0294891, -0.000678092)
bones/36/rotation = Quaternion(0.87046, -0.00107397, 0.00437569, 0.492218)
bones/37/position = Vector3(0.0112021, 0.170135, -0.0206773)
bones/37/rotation = Quaternion(0.0954411, 0.0878985, 0.0101892, 0.991494)
bones/38/position = Vector3(0.00266466, 0.125635, 0.00629908)
bones/38/rotation = Quaternion(-0.0069432, 0.984175, 0.102035, 0.144705)

[node name="BoneAttachment3D" parent="Frogdude/Frogdude2/RootNode/GeneralSkeleton" index="0"]
transform = Transform3D(0.995283, 0.0514145, -0.0822717, -0.0783531, 0.926061, -0.36915, 0.057209, 0.373855, 0.925721, 0.012619, 0.565306, 0.119026)

[node name="BoneAttachment3D2" parent="Frogdude/Frogdude2/RootNode/GeneralSkeleton" index="1"]
transform = Transform3D(-0.000597687, 0.814633, 0.578928, 0.994638, 0.0603546, -0.0839019, -0.103416, 0.575774, -0.810301, 0.296488, 0.484846, 0.210229)

[node name="BoneAttachment3D3" parent="Frogdude/Frogdude2/RootNode/GeneralSkeleton" index="2"]
transform = Transform3D(0.00236482, 0.999997, 0.000597687, -0.103414, 0.000838986, -0.994638, -0.994636, 0.00229028, 0.103416, 0.307844, 0.472441, 0.181626)

[node name="BoneAttachment3D4" parent="Frogdude/Frogdude2/RootNode/GeneralSkeleton" index="3"]
transform = Transform3D(0.00236482, 0.999997, 0.000597687, -0.103414, 0.000838986, -0.994638, -0.994636, 0.00229028, 0.103416, 0.306819, 0.468953, 0.150049)

[node name="BoneAttachment3D5" parent="Frogdude/Frogdude2/RootNode/GeneralSkeleton" index="4"]
transform = Transform3D(-0.0673509, -0.770287, -0.633176, -0.925678, -0.188543, 0.327715, -0.372268, 0.608189, -0.700339, -0.278965, 0.416604, 0.161758)

[node name="BoneAttachment3D6" parent="Frogdude/Frogdude2/RootNode/GeneralSkeleton" index="5"]
transform = Transform3D(0.0723042, -0.995106, -0.0673509, -0.376663, 0.0352836, -0.925678, 0.923524, 0.0922989, -0.372268, -0.292631, 0.420014, 0.130643)

[node name="BoneAttachment3D7" parent="Frogdude/Frogdude2/RootNode/GeneralSkeleton" index="6"]
transform = Transform3D(0.0723042, -0.995106, -0.0673509, -0.376663, 0.0352836, -0.925678, 0.923524, 0.0922989, -0.372268, -0.294326, 0.431826, 0.100283)

[node name="BoneAttachment3D8" parent="Frogdude/Frogdude2/RootNode/GeneralSkeleton" index="7"]
transform = Transform3D(0.978817, 0.0406466, -0.20066, 0.0396669, -0.999173, -0.00890276, -0.200856, 0.00075455, -0.979621, 0.0762759, 0.0117256, -0.104738)

[node name="BoneAttachment3D9" parent="Frogdude/Frogdude2/RootNode/GeneralSkeleton" index="8"]
transform = Transform3D(0.988633, -0.0443534, -0.143659, -0.0437894, -0.999016, 0.00708698, -0.143832, -0.000715762, -0.989602, -0.101689, 0.0133477, -0.101594)

[node name="ManyBoneIK3D" type="ManyBoneIK3D" parent="Frogdude/Frogdude2/RootNode/GeneralSkeleton" index="10"]
iterations_per_frame = 10.0
default_damp = 0.785398
filter_bones = [&"LeftIndexProximal", &"LeftLittleProximal", &"LeftMiddleProximal", &"LeftRingProximal", &"LeftThumbMetacarpal", &"RightIndexProximal", &"RightLittleProximal", &"RightMiddleProximal", &"RightRingProximal", &"RightThumbMetacarpal", &"RightToes", &"LeftToes", &"RightEye", &"LeftEye"]
pin_count = 40
pins/0/bone_name = "Hips"
pins/0/target_node = NodePath("Hips")
pins/0/passthrough_factor = 1.0
pins/0/weight = 1.0
pins/0/direction_priorities = Vector3(0.2, 0, 0.2)
pins/1/bone_name = "Spine"
pins/1/target_node = NodePath("")
pins/1/passthrough_factor = 1.0
pins/1/weight = 0.2
pins/1/direction_priorities = Vector3(0.2, 0, 0.2)
pins/2/bone_name = "Chest"
pins/2/target_node = NodePath("")
pins/2/passthrough_factor = 1.0
pins/2/weight = 1.0
pins/2/direction_priorities = Vector3(0.2, 0, 0.2)
pins/3/bone_name = "UpperChest"
pins/3/target_node = NodePath("")
pins/3/passthrough_factor = 1.0
pins/3/weight = 1.0
pins/3/direction_priorities = Vector3(0.2, 0, 0.2)
pins/4/bone_name = "Neck"
pins/4/target_node = NodePath("")
pins/4/passthrough_factor = 1.0
pins/4/weight = 1.0
pins/4/direction_priorities = Vector3(0.2, 0, 0.2)
pins/5/bone_name = "Head"
pins/5/target_node = NodePath("Head")
pins/5/passthrough_factor = 1.0
pins/5/weight = 1.0
pins/5/direction_priorities = Vector3(0.2, 0, 0.2)
pins/6/bone_name = "LeftShoulder"
pins/6/target_node = NodePath("")
pins/6/passthrough_factor = 1.0
pins/6/weight = 1.0
pins/6/direction_priorities = Vector3(0.2, 0, 0.2)
pins/7/bone_name = "LeftUpperArm"
pins/7/target_node = NodePath("")
pins/7/passthrough_factor = 1.0
pins/7/weight = 1.0
pins/7/direction_priorities = Vector3(0.2, 0, 0.2)
pins/8/bone_name = "LeftLowerArm"
pins/8/target_node = NodePath("LeftLowerArm")
pins/8/passthrough_factor = 1.0
pins/8/weight = 1.0
pins/8/direction_priorities = Vector3(0.2, 0, 0.2)
pins/9/bone_name = "LeftHand"
pins/9/target_node = NodePath("LeftHand")
pins/9/passthrough_factor = 1.0
pins/9/weight = 1.0
pins/9/direction_priorities = Vector3(0.2, 0, 0.2)
pins/10/bone_name = "LeftThumbMetacarpal"
pins/10/target_node = NodePath("")
pins/10/passthrough_factor = 1.0
pins/10/weight = 1.0
pins/10/direction_priorities = Vector3(0.2, 0, 0.2)
pins/11/bone_name = "LeftThumbProximal"
pins/11/target_node = NodePath("")
pins/11/passthrough_factor = 1.0
pins/11/weight = 1.0
pins/11/direction_priorities = Vector3(0.2, 0, 0.2)
pins/12/bone_name = "LeftThumbDistal"
pins/12/target_node = NodePath("")
pins/12/passthrough_factor = 1.0
pins/12/weight = 1.0
pins/12/direction_priorities = Vector3(0.2, 0, 0.2)
pins/13/bone_name = "LeftIndexProximal"
pins/13/target_node = NodePath("")
pins/13/passthrough_factor = 1.0
pins/13/weight = 1.0
pins/13/direction_priorities = Vector3(0.2, 0, 0.2)
pins/14/bone_name = "LeftIndexIntermediate"
pins/14/target_node = NodePath("")
pins/14/passthrough_factor = 1.0
pins/14/weight = 1.0
pins/14/direction_priorities = Vector3(0.2, 0, 0.2)
pins/15/bone_name = "LeftIndexDistal"
pins/15/target_node = NodePath("")
pins/15/passthrough_factor = 1.0
pins/15/weight = 1.0
pins/15/direction_priorities = Vector3(0.2, 0, 0.2)
pins/16/bone_name = "LeftMiddleProximal"
pins/16/target_node = NodePath("")
pins/16/passthrough_factor = 1.0
pins/16/weight = 1.0
pins/16/direction_priorities = Vector3(0.2, 0, 0.2)
pins/17/bone_name = "LeftMiddleIntermediate"
pins/17/target_node = NodePath("")
pins/17/passthrough_factor = 1.0
pins/17/weight = 1.0
pins/17/direction_priorities = Vector3(0.2, 0, 0.2)
pins/18/bone_name = "LeftMiddleDistal"
pins/18/target_node = NodePath("")
pins/18/passthrough_factor = 1.0
pins/18/weight = 1.0
pins/18/direction_priorities = Vector3(0.2, 0, 0.2)
pins/19/bone_name = "RightShoulder"
pins/19/target_node = NodePath("")
pins/19/passthrough_factor = 1.0
pins/19/weight = 1.0
pins/19/direction_priorities = Vector3(0.2, 0, 0.2)
pins/20/bone_name = "RightUpperArm"
pins/20/target_node = NodePath("")
pins/20/passthrough_factor = 1.0
pins/20/weight = 1.0
pins/20/direction_priorities = Vector3(0.2, 0, 0.2)
pins/21/bone_name = "RightLowerArm"
pins/21/target_node = NodePath("RightLowerArm")
pins/21/passthrough_factor = 1.0
pins/21/weight = 1.0
pins/21/direction_priorities = Vector3(0.2, 0, 0.2)
pins/22/bone_name = "RightHand"
pins/22/target_node = NodePath("RightHand")
pins/22/passthrough_factor = 1.0
pins/22/weight = 1.0
pins/22/direction_priorities = Vector3(0.2, 0, 0.2)
pins/23/bone_name = "RightThumbMetacarpal"
pins/23/target_node = NodePath("")
pins/23/passthrough_factor = 1.0
pins/23/weight = 1.0
pins/23/direction_priorities = Vector3(0.2, 0, 0.2)
pins/24/bone_name = "RightThumbProximal"
pins/24/target_node = NodePath("")
pins/24/passthrough_factor = 1.0
pins/24/weight = 1.0
pins/24/direction_priorities = Vector3(0.2, 0, 0.2)
pins/25/bone_name = "RightThumbDistal"
pins/25/target_node = NodePath("")
pins/25/passthrough_factor = 1.0
pins/25/weight = 1.0
pins/25/direction_priorities = Vector3(0.2, 0, 0.2)
pins/26/bone_name = "RightIndexProximal"
pins/26/target_node = NodePath("")
pins/26/passthrough_factor = 1.0
pins/26/weight = 1.0
pins/26/direction_priorities = Vector3(0.2, 0, 0.2)
pins/27/bone_name = "RightIndexIntermediate"
pins/27/target_node = NodePath("")
pins/27/passthrough_factor = 1.0
pins/27/weight = 1.0
pins/27/direction_priorities = Vector3(0.2, 0, 0.2)
pins/28/bone_name = "RightIndexDistal"
pins/28/target_node = NodePath("")
pins/28/passthrough_factor = 1.0
pins/28/weight = 1.0
pins/28/direction_priorities = Vector3(0.2, 0, 0.2)
pins/29/bone_name = "RightMiddleProximal"
pins/29/target_node = NodePath("")
pins/29/passthrough_factor = 1.0
pins/29/weight = 1.0
pins/29/direction_priorities = Vector3(0.2, 0, 0.2)
pins/30/bone_name = "RightMiddleIntermediate"
pins/30/target_node = NodePath("")
pins/30/passthrough_factor = 1.0
pins/30/weight = 1.0
pins/30/direction_priorities = Vector3(0.2, 0, 0.2)
pins/31/bone_name = "RightMiddleDistal"
pins/31/target_node = NodePath("")
pins/31/passthrough_factor = 1.0
pins/31/weight = 1.0
pins/31/direction_priorities = Vector3(0.2, 0, 0.2)
pins/32/bone_name = "LeftUpperLeg"
pins/32/target_node = NodePath("")
pins/32/passthrough_factor = 1.0
pins/32/weight = 1.0
pins/32/direction_priorities = Vector3(0.2, 0, 0.2)
pins/33/bone_name = "LeftLowerLeg"
pins/33/target_node = NodePath("LeftLowerLeg")
pins/33/passthrough_factor = 1.0
pins/33/weight = 1.0
pins/33/direction_priorities = Vector3(0.2, 0, 0.2)
pins/34/bone_name = "LeftFoot"
pins/34/target_node = NodePath("LeftFoot")
pins/34/passthrough_factor = 0.0
pins/34/weight = 1.0
pins/34/direction_priorities = Vector3(0.2, 0, 0.2)
pins/35/bone_name = "LeftToes"
pins/35/target_node = NodePath("")
pins/35/passthrough_factor = 1.0
pins/35/weight = 1.0
pins/35/direction_priorities = Vector3(0.2, 0, 0.2)
pins/36/bone_name = "RightUpperLeg"
pins/36/target_node = NodePath("")
pins/36/passthrough_factor = 1.0
pins/36/weight = 1.0
pins/36/direction_priorities = Vector3(0.2, 0, 0.2)
pins/37/bone_name = "RightLowerLeg"
pins/37/target_node = NodePath("RightLowerLeg")
pins/37/passthrough_factor = 1.0
pins/37/weight = 1.0
pins/37/direction_priorities = Vector3(0.2, 0, 0.2)
pins/38/bone_name = "RightFoot"
pins/38/target_node = NodePath("RightFoot")
pins/38/passthrough_factor = 0.0
pins/38/weight = 1.0
pins/38/direction_priorities = Vector3(0.2, 0, 0.2)
pins/39/bone_name = "RightToes"
pins/39/target_node = NodePath("")
pins/39/passthrough_factor = 1.0
pins/39/weight = 1.0
pins/39/direction_priorities = Vector3(0.2, 0, 0.2)
constraint_count = 40
constraints/0/bone_name = &"Hips"
constraints/0/twist_from = 5.93586
constraints/0/twist_range = 0.436332
constraints/0/twist_current = 0.863592
constraints/0/kusudama_limit_cone_count = 0
constraints/0/kusudama_twist = Transform3D(1, 0, 0, 0, 1, 0, 0, 0, 1, 0, 0, 0)
constraints/0/kusudama_orientation = Transform3D(1, 0, 0, 0, 1, 0, 0, 0, 1, -0.0160017, 0.393894, -0.150938)
constraints/0/bone_direction = Transform3D(1, 4.65661e-10, 0, 4.65661e-10, 1, -3.72529e-09, 0, 1.86265e-09, 1, 0, 0, 0)
constraints/1/bone_name = &"Spine"
constraints/1/twist_from = 6.19592
constraints/1/twist_range = 0.523599
constraints/1/twist_current = 0.333701
constraints/1/kusudama_limit_cone_count = 1
constraints/1/kusudama_limit_cone/0/center = Vector3(0, 1, 0)
constraints/1/kusudama_limit_cone/0/radius = 0.174533
constraints/1/kusudama_twist = Transform3D(1, 1.10595e-09, 0, 1.97906e-09, 1, -9.31323e-09, 1.95156e-18, 3.72529e-09, 1, 4.65661e-10, 0.0532063, 0.00128478)
constraints/1/kusudama_orientation = Transform3D(1, 4.65661e-10, 0, 4.65661e-10, 1, -3.72529e-09, 0, 1.86265e-09, 1, 2.49594e-07, 0.0531992, 0.0012815)
constraints/1/bone_direction = Transform3D(1, -2.23517e-08, 7.45058e-09, 4.67408e-08, 0.999709, 0.0241401, 0, -0.0241401, 0.999709, 0, 0, 0)
constraints/2/bone_name = &"Chest"
constraints/2/twist_from = 6.19592
constraints/2/twist_range = 0.523599
constraints/2/twist_current = 0.333526
constraints/2/kusudama_limit_cone_count = 1
constraints/2/kusudama_limit_cone/0/center = Vector3(0, 1, 0)
constraints/2/kusudama_limit_cone/0/radius = 0.174533
constraints/2/kusudama_twist = Transform3D(1, 1.46683e-08, 1.49012e-08, -1.46683e-08, 1, -4.44089e-16, 4.47035e-08, -3.72529e-09, 1, -2.23517e-08, 0.062074, 0.00149891)
constraints/2/kusudama_orientation = Transform3D(1, 7.45058e-09, 7.45058e-09, -6.98492e-09, 1, 0, 1.49012e-08, -1.86265e-09, 1, -3.25963e-08, 0.0620756, 0.00149941)
constraints/2/bone_direction = Transform3D(1, 3.84171e-09, 0, -4.19095e-09, 0.999709, 0.0241402, 0, -0.0241402, 0.999709, 0, 0, 0)
constraints/3/bone_name = &"UpperChest"
constraints/3/twist_from = 6.19592
constraints/3/twist_range = 0.523599
constraints/3/twist_current = -0.449291
constraints/3/kusudama_limit_cone_count = 1
constraints/3/kusudama_limit_cone/0/center = Vector3(0, 1, 0)
constraints/3/kusudama_limit_cone/0/radius = 0.0872665
constraints/3/kusudama_twist = Transform3D(1, 1.62981e-09, 0, -4.65661e-10, 1, 9.31323e-10, 1.49012e-08, -9.31323e-10, 1, 0, 0.0709419, 0.00171305)
constraints/3/kusudama_orientation = Transform3D(1, 5.82077e-10, 0, 0, 1, 0, 0, 0, 1, -1.86265e-08, 0.0709453, 0.00171259)
constraints/3/bone_direction = Transform3D(1, -4.65661e-10, 7.45058e-09, -3.37604e-09, 0.999627, 0.0273102, 0, -0.0273102, 0.999627, 0, 0, 0)
constraints/4/bone_name = &"Neck"
constraints/4/twist_from = 6.21337
constraints/4/twist_range = 0.174533
constraints/4/twist_current = 0.0213063
constraints/4/kusudama_limit_cone_count = 1
constraints/4/kusudama_limit_cone/0/center = Vector3(0, 1, 0)
constraints/4/kusudama_limit_cone/0/radius = 0.523599
constraints/4/kusudama_twist = Transform3D(1, 1.35042e-08, 2.23517e-08, -4.42378e-09, 1, 1.49012e-08, 2.23517e-08, 7.45058e-09, 1, 0, 0.0798095, 0.00192719)
constraints/4/kusudama_orientation = Transform3D(1, 6.98492e-09, 7.45058e-09, -1.86265e-09, 1, 3.72529e-09, 7.45058e-09, 3.72529e-09, 1, 2.08616e-07, 0.0798106, 0.00192729)
constraints/4/bone_direction = Transform3D(1, -1.80444e-09, 4.65661e-10, 5.64614e-09, 0.955628, 0.294577, -2.79397e-09, -0.294577, 0.955628, 0, 0, 0)
constraints/5/bone_name = &"Head"
constraints/5/twist_from = 0.0
constraints/5/twist_range = 0.174533
constraints/5/twist_current = 0.499998
constraints/5/kusudama_limit_cone_count = 1
constraints/5/kusudama_limit_cone/0/center = Vector3(0, 1, 0)
constraints/5/kusudama_limit_cone/0/radius = 0.523599
constraints/5/kusudama_twist = Transform3D(1, 4.30737e-09, 4.65661e-10, -2.61935e-09, 1, -5.96046e-08, -4.65661e-10, 1.49012e-08, 1, 1.86265e-09, 0.0585748, 0.0180559)
constraints/5/kusudama_orientation = Transform3D(1, 2.21189e-09, 0, -1.28057e-09, 1, -1.49012e-08, 0, 0, 1, -2.90573e-07, 0.0585729, 0.0180558)
constraints/5/bone_direction = Transform3D(1, 0, 0, 0, 1, 0, 0, 0, 1, 0, 0, 0)
constraints/6/bone_name = &"LeftShoulder"
constraints/6/twist_from = 4.36332
constraints/6/twist_range = -0.698132
constraints/6/twist_current = 2.18408
constraints/6/kusudama_limit_cone_count = 1
constraints/6/kusudama_limit_cone/0/center = Vector3(1, 0, 0)
constraints/6/kusudama_limit_cone/0/radius = 0.261799
constraints/6/kusudama_twist = Transform3D(2.14437e-07, 1, -1.11759e-08, -1, 2.40281e-07, -2.23517e-08, -1.77636e-15, 1.86264e-08, 1, 0.0381882, 0.0659051, 0.0018699)
constraints/6/kusudama_orientation = Transform3D(1, 6.98492e-09, 7.45058e-09, -1.86265e-09, 1, 3.72529e-09, 7.45058e-09, 3.72529e-09, 1, 0.0381888, 0.0659055, 0.00186929)
constraints/6/bone_direction = Transform3D(0.999999, 0.00140341, -0.00024882, -0.00140341, 0.939066, -0.343733, -0.00024879, 0.343733, 0.939067, 0, 0, 0)
constraints/7/bone_name = &"LeftUpperArm"
constraints/7/twist_from = -2.0944
constraints/7/twist_range = -1.0472
constraints/7/twist_current = 1.72498
constraints/7/kusudama_limit_cone_count = 3
constraints/7/kusudama_limit_cone/0/center = Vector3(1, 1, 1)
constraints/7/kusudama_limit_cone/0/radius = 0.872665
constraints/7/kusudama_limit_cone/1/center = Vector3(2, 0.5, -2)
constraints/7/kusudama_limit_cone/1/radius = 1.13446
constraints/7/kusudama_limit_cone/2/center = Vector3(0, 1, -1)
constraints/7/kusudama_limit_cone/2/radius = 0.349066
constraints/7/kusudama_twist = Transform3D(0.624649, 0.765446, 0.154615, -0.765446, 0.56096, 0.315303, 0.154615, -0.315303, 0.936311, -0.00011453, 0.0766563, -0.028059)
constraints/7/kusudama_orientation = Transform3D(1, -2.98023e-08, -2.98023e-08, -1.49012e-08, 1, -7.45058e-09, 2.98023e-08, -7.45058e-09, 1, -0.000114322, 0.0766577, -0.0280569)
constraints/7/bone_direction = Transform3D(0.995481, 0.0888652, 0.0334824, -0.0888654, 0.747416, 0.658386, 0.0334823, -0.658386, 0.751936, 0, 0, 0)
constraints/8/bone_name = &"LeftLowerArm"
constraints/8/twist_from = -1.309
constraints/8/twist_range = -1.74533
constraints/8/twist_current = 0.0872726
constraints/8/kusudama_limit_cone_count = 3
constraints/8/kusudama_limit_cone/0/center = Vector3(0, 1, 0)
constraints/8/kusudama_limit_cone/0/radius = 0.349066
constraints/8/kusudama_limit_cone/1/center = Vector3(-1, 0, 0)
constraints/8/kusudama_limit_cone/1/radius = 0.349066
constraints/8/kusudama_limit_cone/2/center = Vector3(0, 0.8, 0)
constraints/8/kusudama_limit_cone/2/radius = 0.349066
constraints/8/kusudama_twist = Transform3D(0.894427, -0.447214, -2.82292e-08, 0.447214, 0.894427, -5.13675e-08, 2.98023e-08, 2.98023e-08, 1, -0.00837955, 0.070478, 0.0620828)
constraints/8/kusudama_orientation = Transform3D(1, 0, -1.49012e-08, -2.98023e-08, 1, 0, 1.49012e-08, 1.49012e-08, 1, -0.00838205, 0.0704776, 0.0620837)
constraints/8/bone_direction = Transform3D(0.801088, -0.597688, -0.0320461, 0.597688, 0.795925, 0.0962918, -0.0320461, -0.0962918, 0.994837, 0, 0, 0)
constraints/9/bone_name = &"LeftHand"
constraints/9/twist_from = -4.79966
constraints/9/twist_range = -0.349066
constraints/9/twist_current = -4.74979
constraints/9/kusudama_limit_cone_count = 1
constraints/9/kusudama_limit_cone/0/center = Vector3(0, 1, 0)
constraints/9/kusudama_limit_cone/0/radius = 0.349066
constraints/9/kusudama_twist = Transform3D(1, 9.31323e-10, 0, 7.45058e-09, 1, 1.49012e-08, -4.47035e-08, 5.96046e-08, 1, 0.0526088, 0.0700578, 0.00847567)
constraints/9/kusudama_orientation = Transform3D(1, 9.31323e-10, 0, 9.31323e-10, 1, 0, -1.49012e-08, 2.98023e-08, 1, 0.052609, 0.0700565, 0.00847173)
constraints/9/bone_direction = Transform3D(0.999998, 0.00224297, -1.07288e-06, -0.00224298, 0.999997, -0.00095735, -1.07288e-06, 0.000957351, 1, 0, 0, 0)
constraints/10/bone_name = &"LeftThumbMetacarpal"
constraints/10/twist_from = 0.0
constraints/10/twist_range = 6.28318
constraints/10/twist_current = null
constraints/10/kusudama_limit_cone_count = 0
constraints/10/kusudama_twist = Transform3D(1, 0, 0, 0, 1, 0, 0, 0, 1, 0, 0, 0)
constraints/10/kusudama_orientation = Transform3D(1, 0, 0, 0, 1, 0, 0, 0, 1, 0, 0, 0)
constraints/10/bone_direction = Transform3D(1, 0, 0, 0, 1, 0, 0, 0, 1, 0, 0, 0)
constraints/11/bone_name = &"LeftThumbProximal"
constraints/11/twist_from = 0.0
constraints/11/twist_range = 6.28318
constraints/11/twist_current = null
constraints/11/kusudama_limit_cone_count = 0
constraints/11/kusudama_twist = Transform3D(1, 0, 0, 0, 1, 0, 0, 0, 1, 0, 0, 0)
constraints/11/kusudama_orientation = Transform3D(1, 0, 0, 0, 1, 0, 0, 0, 1, 0, 0, 0)
constraints/11/bone_direction = Transform3D(1, 0, 0, 0, 1, 0, 0, 0, 1, 0, 0, 0)
constraints/12/bone_name = &"LeftThumbDistal"
constraints/12/twist_from = 0.0
constraints/12/twist_range = 6.28318
constraints/12/twist_current = null
constraints/12/kusudama_limit_cone_count = 0
constraints/12/kusudama_twist = Transform3D(1, 0, 0, 0, 1, 0, 0, 0, 1, 0, 0, 0)
constraints/12/kusudama_orientation = Transform3D(1, 0, 0, 0, 1, 0, 0, 0, 1, 0, 0, 0)
constraints/12/bone_direction = Transform3D(1, 0, 0, 0, 1, 0, 0, 0, 1, 0, 0, 0)
constraints/13/bone_name = &"LeftIndexProximal"
constraints/13/twist_from = 0.0
constraints/13/twist_range = 6.28318
constraints/13/twist_current = null
constraints/13/kusudama_limit_cone_count = 0
constraints/13/kusudama_twist = Transform3D(1, 0, 0, 0, 1, 0, 0, 0, 1, 0, 0, 0)
constraints/13/kusudama_orientation = Transform3D(1, 0, 0, 0, 1, 0, 0, 0, 1, 0, 0, 0)
constraints/13/bone_direction = Transform3D(1, 0, 0, 0, 1, 0, 0, 0, 1, 0, 0, 0)
constraints/14/bone_name = &"LeftIndexIntermediate"
constraints/14/twist_from = 0.0
constraints/14/twist_range = 6.28318
constraints/14/twist_current = null
constraints/14/kusudama_limit_cone_count = 0
constraints/14/kusudama_twist = Transform3D(1, 0, 0, 0, 1, 0, 0, 0, 1, 0, 0, 0)
constraints/14/kusudama_orientation = Transform3D(1, 0, 0, 0, 1, 0, 0, 0, 1, 0, 0, 0)
constraints/14/bone_direction = Transform3D(1, 0, 0, 0, 1, 0, 0, 0, 1, 0, 0, 0)
constraints/15/bone_name = &"LeftIndexDistal"
constraints/15/twist_from = 0.0
constraints/15/twist_range = 6.28318
constraints/15/twist_current = null
constraints/15/kusudama_limit_cone_count = 0
constraints/15/kusudama_twist = Transform3D(1, 0, 0, 0, 1, 0, 0, 0, 1, 0, 0, 0)
constraints/15/kusudama_orientation = Transform3D(1, 0, 0, 0, 1, 0, 0, 0, 1, 0, 0, 0)
constraints/15/bone_direction = Transform3D(1, 0, 0, 0, 1, 0, 0, 0, 1, 0, 0, 0)
constraints/16/bone_name = &"LeftMiddleProximal"
constraints/16/twist_from = 0.0
constraints/16/twist_range = 6.28318
constraints/16/twist_current = null
constraints/16/kusudama_limit_cone_count = 0
constraints/16/kusudama_twist = Transform3D(1, 0, 0, 0, 1, 0, 0, 0, 1, 0, 0, 0)
constraints/16/kusudama_orientation = Transform3D(1, 0, 0, 0, 1, 0, 0, 0, 1, 0, 0, 0)
constraints/16/bone_direction = Transform3D(1, 0, 0, 0, 1, 0, 0, 0, 1, 0, 0, 0)
constraints/17/bone_name = &"LeftMiddleIntermediate"
constraints/17/twist_from = 0.0
constraints/17/twist_range = 6.28318
constraints/17/twist_current = null
constraints/17/kusudama_limit_cone_count = 0
constraints/17/kusudama_twist = Transform3D(1, 0, 0, 0, 1, 0, 0, 0, 1, 0, 0, 0)
constraints/17/kusudama_orientation = Transform3D(1, 0, 0, 0, 1, 0, 0, 0, 1, 0, 0, 0)
constraints/17/bone_direction = Transform3D(1, 0, 0, 0, 1, 0, 0, 0, 1, 0, 0, 0)
constraints/18/bone_name = &"LeftMiddleDistal"
constraints/18/twist_from = 0.0
constraints/18/twist_range = 6.28318
constraints/18/twist_current = null
constraints/18/kusudama_limit_cone_count = 0
constraints/18/kusudama_twist = Transform3D(1, 0, 0, 0, 1, 0, 0, 0, 1, 0, 0, 0)
constraints/18/kusudama_orientation = Transform3D(1, 0, 0, 0, 1, 0, 0, 0, 1, 0, 0, 0)
constraints/18/bone_direction = Transform3D(1, 0, 0, 0, 1, 0, 0, 0, 1, 0, 0, 0)
constraints/19/bone_name = &"RightShoulder"
constraints/19/twist_from = 1.3439
constraints/19/twist_range = 0.698132
constraints/19/twist_current = 1.35659
constraints/19/kusudama_limit_cone_count = 1
constraints/19/kusudama_limit_cone/0/center = Vector3(-1, 0, 0)
constraints/19/kusudama_limit_cone/0/radius = 0.261799
constraints/19/kusudama_twist = Transform3D(2.35625e-07, -1, -1.49012e-08, 1, 2.73809e-07, 4.47035e-08, 1.49012e-08, -3.72529e-09, 1, -0.0381882, 0.0659052, 0.00198446)
constraints/19/kusudama_orientation = Transform3D(1, 6.98492e-09, 7.45058e-09, -1.86265e-09, 1, 3.72529e-09, 7.45058e-09, 3.72529e-09, 1, -0.0381887, 0.0659055, 0.001984)
constraints/19/bone_direction = Transform3D(0.999999, 0.00140336, -0.00024879, -0.00140336, 0.939066, -0.343733, -0.00024876, 0.343733, 0.939067, 0, 0, 0)
constraints/20/bone_name = &"RightUpperArm"
constraints/20/twist_from = 2.0944
constraints/20/twist_range = 1.0472
constraints/20/twist_current = 1.63918
constraints/20/kusudama_limit_cone_count = 3
constraints/20/kusudama_limit_cone/0/center = Vector3(0, 1, -0.5)
constraints/20/kusudama_limit_cone/0/radius = 0.872665
constraints/20/kusudama_limit_cone/1/center = Vector3(-2, 0.5, -0.2)
constraints/20/kusudama_limit_cone/1/radius = 1.13446
constraints/20/kusudama_limit_cone/2/center = Vector3(0, 0.2, 1)
constraints/20/kusudama_limit_cone/2/radius = 0.349066
constraints/20/kusudama_twist = Transform3D(0.718038, -0.694822, -0.0405461, 0.694822, 0.712207, 0.0999152, -0.0405461, -0.0999151, 0.99417, -0.00011453, 0.0766562, -0.028059)
constraints/20/kusudama_orientation = Transform3D(1, 1.86265e-08, 0, 1.86265e-09, 1, -2.6077e-08, -2.98023e-08, 2.42144e-08, 1, -0.00011532, 0.0766577, -0.0280602)
constraints/20/bone_direction = Transform3D(0.995188, -0.0916942, -0.0345432, 0.0916941, 0.747224, 0.658216, -0.0345431, -0.658216, 0.752036, 0, 0, 0)
constraints/21/bone_name = &"RightLowerArm"
constraints/21/twist_from = 1.309
constraints/21/twist_range = 1.74533
constraints/21/twist_current = 0.374477
constraints/21/kusudama_limit_cone_count = 3
constraints/21/kusudama_limit_cone/0/center = Vector3(0, 1, 0)
constraints/21/kusudama_limit_cone/0/radius = 0.349066
constraints/21/kusudama_limit_cone/1/center = Vector3(1, 0, 0)
constraints/21/kusudama_limit_cone/1/radius = 0.349066
constraints/21/kusudama_limit_cone/2/center = Vector3(0, 0.8, 0)
constraints/21/kusudama_limit_cone/2/radius = 0.349066
constraints/21/kusudama_twist = Transform3D(0.894427, 0.447214, 3.91974e-08, -0.447214, 0.894427, -3.9984e-08, 2.98023e-08, 1.49012e-08, 1, 0.0086486, 0.070478, 0.0620829)
constraints/21/kusudama_orientation = Transform3D(1, -2.98023e-08, 4.47035e-08, -5.96046e-08, 1, -1.49012e-08, -1.49012e-08, 1.49012e-08, 1, 0.0086491, 0.0704783, 0.062085)
constraints/21/bone_direction = Transform3D(0.801032, 0.597796, 0.0314192, -0.597797, 0.79607, 0.0943981, 0.0314191, -0.0943981, 0.995039, 0, 0, 0)
constraints/22/bone_name = &"RightHand"
constraints/22/twist_from = 4.79966
constraints/22/twist_range = 0.349066
constraints/22/twist_current = -3.75006
constraints/22/kusudama_limit_cone_count = 1
constraints/22/kusudama_limit_cone/0/center = Vector3(0, 1, 0)
constraints/22/kusudama_limit_cone/0/radius = 0.349066
constraints/22/kusudama_twist = Transform3D(1, -5.58793e-09, -1.49012e-08, 7.45058e-09, 1, 1.49012e-08, 0, -1.49012e-08, 1, -0.0526089, 0.0700578, 0.00830746)
constraints/22/kusudama_orientation = Transform3D(1, 0, -7.45058e-09, 0, 1, 0, 0, 0, 1, -0.0526105, 0.0700589, 0.00830787)
constraints/22/bone_direction = Transform3D(0.999999, 0.00144215, 7.4273e-07, -0.00144213, 0.999998, 0.00102887, 7.42264e-07, -0.00102887, 1, 0, 0, 0)
constraints/23/bone_name = &"RightThumbMetacarpal"
constraints/23/twist_from = 0.0
constraints/23/twist_range = 6.28318
constraints/23/twist_current = null
constraints/23/kusudama_limit_cone_count = 0
constraints/23/kusudama_twist = Transform3D(1, 0, 0, 0, 1, 0, 0, 0, 1, 0, 0, 0)
constraints/23/kusudama_orientation = Transform3D(1, 0, 0, 0, 1, 0, 0, 0, 1, 0, 0, 0)
constraints/23/bone_direction = Transform3D(1, 0, 0, 0, 1, 0, 0, 0, 1, 0, 0, 0)
constraints/24/bone_name = &"RightThumbProximal"
constraints/24/twist_from = 0.0
constraints/24/twist_range = 6.28318
constraints/24/twist_current = null
constraints/24/kusudama_limit_cone_count = 0
constraints/24/kusudama_twist = Transform3D(1, 0, 0, 0, 1, 0, 0, 0, 1, 0, 0, 0)
constraints/24/kusudama_orientation = Transform3D(1, 0, 0, 0, 1, 0, 0, 0, 1, 0, 0, 0)
constraints/24/bone_direction = Transform3D(1, 0, 0, 0, 1, 0, 0, 0, 1, 0, 0, 0)
constraints/25/bone_name = &"RightThumbDistal"
constraints/25/twist_from = 0.0
constraints/25/twist_range = 6.28318
constraints/25/twist_current = null
constraints/25/kusudama_limit_cone_count = 0
constraints/25/kusudama_twist = Transform3D(1, 0, 0, 0, 1, 0, 0, 0, 1, 0, 0, 0)
constraints/25/kusudama_orientation = Transform3D(1, 0, 0, 0, 1, 0, 0, 0, 1, 0, 0, 0)
constraints/25/bone_direction = Transform3D(1, 0, 0, 0, 1, 0, 0, 0, 1, 0, 0, 0)
constraints/26/bone_name = &"RightIndexProximal"
constraints/26/twist_from = 0.0
constraints/26/twist_range = 6.28318
constraints/26/twist_current = null
constraints/26/kusudama_limit_cone_count = 0
constraints/26/kusudama_twist = Transform3D(1, 0, 0, 0, 1, 0, 0, 0, 1, 0, 0, 0)
constraints/26/kusudama_orientation = Transform3D(1, 0, 0, 0, 1, 0, 0, 0, 1, 0, 0, 0)
constraints/26/bone_direction = Transform3D(1, 0, 0, 0, 1, 0, 0, 0, 1, 0, 0, 0)
constraints/27/bone_name = &"RightIndexIntermediate"
constraints/27/twist_from = 0.0
constraints/27/twist_range = 6.28318
constraints/27/twist_current = null
constraints/27/kusudama_limit_cone_count = 0
constraints/27/kusudama_twist = Transform3D(1, 0, 0, 0, 1, 0, 0, 0, 1, 0, 0, 0)
constraints/27/kusudama_orientation = Transform3D(1, 0, 0, 0, 1, 0, 0, 0, 1, 0, 0, 0)
constraints/27/bone_direction = Transform3D(1, 0, 0, 0, 1, 0, 0, 0, 1, 0, 0, 0)
constraints/28/bone_name = &"RightIndexDistal"
constraints/28/twist_from = 0.0
constraints/28/twist_range = 6.28318
constraints/28/twist_current = null
constraints/28/kusudama_limit_cone_count = 0
constraints/28/kusudama_twist = Transform3D(1, 0, 0, 0, 1, 0, 0, 0, 1, 0, 0, 0)
constraints/28/kusudama_orientation = Transform3D(1, 0, 0, 0, 1, 0, 0, 0, 1, 0, 0, 0)
constraints/28/bone_direction = Transform3D(1, 0, 0, 0, 1, 0, 0, 0, 1, 0, 0, 0)
constraints/29/bone_name = &"RightMiddleProximal"
constraints/29/twist_from = 0.0
constraints/29/twist_range = 6.28318
constraints/29/twist_current = null
constraints/29/kusudama_limit_cone_count = 0
constraints/29/kusudama_twist = Transform3D(1, 0, 0, 0, 1, 0, 0, 0, 1, 0, 0, 0)
constraints/29/kusudama_orientation = Transform3D(1, 0, 0, 0, 1, 0, 0, 0, 1, 0, 0, 0)
constraints/29/bone_direction = Transform3D(1, 0, 0, 0, 1, 0, 0, 0, 1, 0, 0, 0)
constraints/30/bone_name = &"RightMiddleIntermediate"
constraints/30/twist_from = 0.0
constraints/30/twist_range = 6.28318
constraints/30/twist_current = null
constraints/30/kusudama_limit_cone_count = 0
constraints/30/kusudama_twist = Transform3D(1, 0, 0, 0, 1, 0, 0, 0, 1, 0, 0, 0)
constraints/30/kusudama_orientation = Transform3D(1, 0, 0, 0, 1, 0, 0, 0, 1, 0, 0, 0)
constraints/30/bone_direction = Transform3D(1, 0, 0, 0, 1, 0, 0, 0, 1, 0, 0, 0)
constraints/31/bone_name = &"RightMiddleDistal"
constraints/31/twist_from = 0.0
constraints/31/twist_range = 6.28318
constraints/31/twist_current = null
constraints/31/kusudama_limit_cone_count = 0
constraints/31/kusudama_twist = Transform3D(1, 0, 0, 0, 1, 0, 0, 0, 1, 0, 0, 0)
constraints/31/kusudama_orientation = Transform3D(1, 0, 0, 0, 1, 0, 0, 0, 1, 0, 0, 0)
constraints/31/bone_direction = Transform3D(1, 0, 0, 0, 1, 0, 0, 0, 1, 0, 0, 0)
constraints/32/bone_name = &"LeftUpperLeg"
constraints/32/twist_from = 0.0
constraints/32/twist_range = 6.24828
constraints/32/twist_current = 79.422
constraints/32/kusudama_limit_cone_count = 1
constraints/32/kusudama_limit_cone/0/center = Vector3(0, -1, 0)
constraints/32/kusudama_limit_cone/0/radius = 1.39626
constraints/32/kusudama_twist = Transform3D(-0.999912, 0.0132513, -0.000297368, 0.0132513, 0.998906, -0.0448567, -0.000297368, -0.0448567, -0.998994, 0.0874459, -0.0294881, -0.00239364)
constraints/32/kusudama_orientation = Transform3D(1, 4.65661e-10, 0, 4.65661e-10, 1, -3.72529e-09, 0, 1.86265e-09, 1, 0.0874454, -0.0294893, -0.00239336)
constraints/32/bone_direction = Transform3D(0.997859, 0.065308, -0.00353229, -0.065308, 0.992032, -0.107742, -0.00353229, 0.107742, 0.994173, 0, 0, 0)
constraints/33/bone_name = &"LeftLowerLeg"
constraints/33/twist_from = 3.14159
constraints/33/twist_range = 0.349066
constraints/33/twist_current = -8.48687
constraints/33/kusudama_limit_cone_count = 2
constraints/33/kusudama_limit_cone/0/center = Vector3(0, 1, 0)
constraints/33/kusudama_limit_cone/0/radius = 0.174533
constraints/33/kusudama_limit_cone/1/center = Vector3(0, -0.8, -1)
constraints/33/kusudama_limit_cone/1/radius = 0.174533
constraints/33/kusudama_twist = Transform3D(1, -1.07102e-08, 7.45058e-09, 2.15805e-08, 0.433189, 0.901303, 6.49046e-08, -0.901303, 0.433189, -0.0112005, 0.170136, -0.0184781)
constraints/33/kusudama_orientation = Transform3D(1, -7.91624e-09, 7.45058e-09, -2.32831e-09, 1, 0, 7.45058e-09, -7.45058e-09, 1, -0.0112009, 0.170138, -0.0184776)
constraints/33/bone_direction = Transform3D(0.999776, 0.0211721, 0.000566984, -0.0211721, 0.998343, 0.0535152, 0.000566984, -0.0535152, 0.998567, 0, 0, 0)
constraints/34/bone_name = &"LeftFoot"
constraints/34/twist_from = 3.14159
constraints/34/twist_range = 6.10865
constraints/34/twist_current = 7.97103
constraints/34/kusudama_limit_cone_count = 1
constraints/34/kusudama_limit_cone/0/center = Vector3(1, 0, 0)
constraints/34/kusudama_limit_cone/0/radius = 1.5708
constraints/34/kusudama_twist = Transform3D(-1.02449e-07, 1, 3.35276e-08, -1, -3.19415e-08, -1.39698e-08, -9.31323e-10, 9.31323e-10, 1, -0.00266425, 0.125629, 0.00673422)
constraints/34/kusudama_orientation = Transform3D(1, 9.96806e-10, 0, -2.72485e-09, 1, 0, 0, 9.31323e-10, 1, -0.00266407, 0.125628, 0.00673407)
constraints/34/bone_direction = Transform3D(0.998353, 0.0405942, -0.0405302, -0.0405942, 0.000754116, -0.999175, -0.0405302, 0.999175, 0.00240101, 0, 0, 0)
constraints/35/bone_name = &"LeftToes"
constraints/35/twist_from = 0.0
constraints/35/twist_range = 6.28318
constraints/35/twist_current = null
constraints/35/kusudama_limit_cone_count = 0
constraints/35/kusudama_twist = Transform3D(1, 0, 0, 0, 1, 0, 0, 0, 1, 0, 0, 0)
constraints/35/kusudama_orientation = Transform3D(1, 0, 0, 0, 1, 0, 0, 0, 1, 0, 0, 0)
constraints/35/bone_direction = Transform3D(1, 0, 0, 0, 1, 0, 0, 0, 1, 0, 0, 0)
constraints/36/bone_name = &"RightUpperLeg"
constraints/36/twist_from = 0.0
constraints/36/twist_range = 6.24828
constraints/36/twist_current = -86.7512
constraints/36/kusudama_limit_cone_count = 1
constraints/36/kusudama_limit_cone/0/center = Vector3(0, -1, 0)
constraints/36/kusudama_limit_cone/0/radius = 1.39626
constraints/36/kusudama_twist = Transform3D(-0.999912, 0.0132513, -0.000297368, 0.0132513, 0.998906, -0.0448567, -0.000297368, -0.0448567, -0.998994, -0.0874459, -0.0294881, -0.000676895)
constraints/36/kusudama_orientation = Transform3D(1, 4.65661e-10, 0, 4.65661e-10, 1, -3.72529e-09, 0, 1.86265e-09, 1, -0.0874462, -0.0294891, -0.000678092)
constraints/36/bone_direction = Transform3D(0.997864, -0.0652127, 0.00394359, 0.0652127, 0.990584, -0.120377, 0.00394359, 0.120377, 0.99272, 0, 0, 0)
constraints/37/bone_name = &"RightLowerLeg"
constraints/37/twist_from = 3.14159
constraints/37/twist_range = 0.349066
constraints/37/twist_current = -8.56466
constraints/37/kusudama_limit_cone_count = 2
constraints/37/kusudama_limit_cone/0/center = Vector3(0, 1, 0)
constraints/37/kusudama_limit_cone/0/radius = 0.174533
constraints/37/kusudama_limit_cone/1/center = Vector3(0, -0.8, -1)
constraints/37/kusudama_limit_cone/1/radius = 0.174533
constraints/37/kusudama_twist = Transform3D(1, -3.72529e-08, -2.98023e-08, 2.81886e-08, 0.433189, 0.901303, -1.15435e-08, -0.901303, 0.433189, 0.0112005, 0.170136, -0.0206751)
constraints/37/kusudama_orientation = Transform3D(1, -9.31323e-09, 0, -3.72529e-09, 1, -7.45058e-09, 0, 0, 1, 0.0112021, 0.170135, -0.0206773)
constraints/37/bone_direction = Transform3D(0.999776, -0.0211767, -0.000530515, 0.0211767, 0.998521, 0.0500667, -0.000530515, -0.0500667, 0.998746, 0, 0, 0)
constraints/38/bone_name = &"RightFoot"
constraints/38/twist_from = 3.14159
constraints/38/twist_range = 6.10865
constraints/38/twist_current = 7.77753
constraints/38/kusudama_limit_cone_count = 1
constraints/38/kusudama_limit_cone/0/center = Vector3(1, 0, 0)
constraints/38/kusudama_limit_cone/0/radius = 1.5708
constraints/38/kusudama_twist = Transform3D(3.53211e-08, 1, 1.39698e-08, -1, -1.30258e-08, 1.95578e-08, 6.98492e-10, 0, 1, 0.00266435, 0.125629, 0.00629914)
constraints/38/kusudama_orientation = Transform3D(1, -4.59113e-09, 0, -9.85892e-10, 1, 0, 0, -4.65661e-10, 1, 0.00266466, 0.125635, 0.00629908)
constraints/38/bone_direction = Transform3D(0.998036, -0.0442959, 0.0442841, 0.0442959, -0.000715582, -0.999018, 0.044284, 0.999018, 0.00124787, 0, 0, 0)
constraints/39/bone_name = &"RightToes"
constraints/39/twist_from = 0.0
constraints/39/twist_range = 6.28318
constraints/39/twist_current = null
constraints/39/kusudama_limit_cone_count = 0
constraints/39/kusudama_twist = Transform3D(1, 0, 0, 0, 1, 0, 0, 0, 1, 0, 0, 0)
constraints/39/kusudama_orientation = Transform3D(1, 0, 0, 0, 1, 0, 0, 0, 1, 0, 0, 0)
constraints/39/bone_direction = Transform3D(1, 0, 0, 0, 1, 0, 0, 0, 1, 0, 0, 0)
bone_count = 40
bone/0/bone_name = "Hips"
bone/0/damp = 3.14159
bone/1/bone_name = "Spine"
bone/1/damp = 3.14159
bone/2/bone_name = "Chest"
bone/2/damp = 3.14159
bone/3/bone_name = "UpperChest"
bone/3/damp = 3.14159
bone/4/bone_name = "Neck"
bone/4/damp = 3.14159
bone/5/bone_name = "Head"
bone/5/damp = 3.14159
bone/6/bone_name = "LeftShoulder"
bone/6/damp = 3.14159
bone/7/bone_name = "LeftUpperArm"
bone/7/damp = 3.14159
bone/8/bone_name = "LeftLowerArm"
bone/8/damp = 3.14159
bone/9/bone_name = "LeftHand"
bone/9/damp = 3.14159
bone/10/bone_name = "LeftThumbMetacarpal"
bone/10/damp = 3.14159
bone/11/bone_name = "LeftThumbProximal"
bone/11/damp = 3.14159
bone/12/bone_name = "LeftThumbDistal"
bone/12/damp = 3.14159
bone/13/bone_name = "LeftIndexProximal"
bone/13/damp = 3.14159
bone/14/bone_name = "LeftIndexIntermediate"
bone/14/damp = 3.14159
bone/15/bone_name = "LeftIndexDistal"
bone/15/damp = 3.14159
bone/16/bone_name = "LeftMiddleProximal"
bone/16/damp = 3.14159
bone/17/bone_name = "LeftMiddleIntermediate"
bone/17/damp = 3.14159
bone/18/bone_name = "LeftMiddleDistal"
bone/18/damp = 3.14159
bone/19/bone_name = "RightShoulder"
