[gd_scene load_steps=11 format=3 uid="uid://bol7dmd1wfqb2"]

[ext_resource type="Script" path="res://frog/sub_viewport.gd" id="1_7c45r"]
[ext_resource type="PackedScene" uid="uid://rccd5u6rp0u1" path="res://frog/SK_frog.tscn" id="2_txihs"]

[sub_resource type="Curve2D" id="Curve2D_vdcp6"]
_data = {
"points": PackedVector2Array(80.8816, 52.0293, -80.8816, -52.0293, 456.279, 584.473, 0, 0, 0, 0, 339.684, 342.909, 0, 0, 0, 0, 470, 185, 0, 0, 0, 0, 729.229, 180.511, 0, 0, 0, 0, 796.909, 574.763, 0, 0, 0, 0, 456.279, 584.473)
}
point_count = 6

[sub_resource type="PhysicalSkyMaterial" id="PhysicalSkyMaterial_3ipuk"]

[sub_resource type="Sky" id="Sky_ojjmd"]
sky_material = SubResource("PhysicalSkyMaterial_3ipuk")

[sub_resource type="Environment" id="Environment_hlkql"]
background_mode = 2
background_energy_multiplier = 4.03
sky = SubResource("Sky_ojjmd")
tonemap_mode = 3
glow_enabled = true

[sub_resource type="StandardMaterial3D" id="StandardMaterial3D_87raj"]
no_depth_test = true
albedo_color = Color(0.662745, 0.52549, 0.184314, 0.403922)

[sub_resource type="SphereMesh" id="SphereMesh_bki46"]
material = SubResource("StandardMaterial3D_87raj")
radius = 0.05
height = 0.1

[sub_resource type="StandardMaterial3D" id="StandardMaterial3D_bxlrg"]
transparency = 4
no_depth_test = true
albedo_color = Color(0.223529, 0.709804, 0.631373, 0.368627)

[sub_resource type="StandardMaterial3D" id="StandardMaterial3D_kgyyx"]
transparency = 4
no_depth_test = true
albedo_color = Color(0.92549, 0.47451, 0.317647, 0.368627)

[node name="Control" type="Control"]
custom_minimum_size = Vector2(1920, 1080)
layout_mode = 3
anchors_preset = 15
anchor_right = 1.0
anchor_bottom = 1.0
grow_horizontal = 2
grow_vertical = 2
size_flags_horizontal = 2
size_flags_vertical = 3
script = ExtResource("1_7c45r")

[node name="DirectionalLight3D" type="DirectionalLight3D" parent="."]
transform = Transform3D(-0.866023, -0.428137, 0.258268, 0, 0.516532, 0.856268, -0.500003, 0.741548, -0.447329, 0, 0, 0)
shadow_enabled = true

[node name="Path2D" type="Path2D" parent="."]
visible = false
position = Vector2(-845.339, -479.172)
scale = Vector2(2.60047, 2.84843)
curve = SubResource("Curve2D_vdcp6")

[node name="SubViewportContainer" type="SubViewportContainer" parent="."]
layout_mode = 1
anchors_preset = 8
anchor_left = 0.5
anchor_top = 0.5
anchor_right = 0.5
anchor_bottom = 0.5
offset_left = -960.0
offset_top = -540.0
offset_right = 960.0
offset_bottom = 540.0
grow_horizontal = 2
grow_vertical = 2

[node name="SubViewport" type="SubViewport" parent="SubViewportContainer"]
transparent_bg = true
handle_input_locally = false
snap_2d_transforms_to_pixel = true
snap_2d_vertices_to_pixel = true
msaa_3d = 2
scaling_3d_mode = 1
scaling_3d_scale = 2.0
canvas_item_default_texture_filter = 2
physics_object_picking = true
size = Vector2i(1920, 1080)
render_target_update_mode = 4

[node name="Camera3D" type="Camera3D" parent="SubViewportContainer/SubViewport"]
transform = Transform3D(1, 0, 0, 0, 1, 0, 0, 0, 1, 0.056, 1.277, 1.84144)
environment = SubResource("Environment_hlkql")

[node name="Pointer" type="Node3D" parent="SubViewportContainer/SubViewport"]
transform = Transform3D(1, 0, 0, 0, 1, 0, 0, 0, 1, 0.083976, 1.29816, 0.794532)

[node name="MeshInstance3D7" type="MeshInstance3D" parent="SubViewportContainer/SubViewport/Pointer"]
mesh = SubResource("SphereMesh_bki46")
skeleton = NodePath("../../Node3D/Frogdude/Frogdude2/RootNode/GeneralSkeleton/ManyBoneIK3D/Hips")
surface_material_override/0 = SubResource("StandardMaterial3D_bxlrg")

[node name="PointerSecondary" type="Node3D" parent="SubViewportContainer/SubViewport"]
transform = Transform3D(1, 0, 0, 0, 1, 0, 0, 0, 1, -0.0506585, 1.29816, 0.794532)

[node name="MeshInstance3D7" type="MeshInstance3D" parent="SubViewportContainer/SubViewport/PointerSecondary"]
mesh = SubResource("SphereMesh_bki46")
skeleton = NodePath("../../Node3D/Frogdude/Frogdude2/RootNode/GeneralSkeleton/ManyBoneIK3D/Hips")
surface_material_override/0 = SubResource("StandardMaterial3D_kgyyx")

[node name="Node3D" parent="SubViewportContainer/SubViewport" instance=ExtResource("2_txihs")]
transform = Transform3D(1, 0, 0, 0, 1, 0, 0, 0, 1, 0, 0.85, 0.668)

[node name="GeneralSkeleton" parent="SubViewportContainer/SubViewport/Node3D/Frogdude/Frogdude2/RootNode" index="0"]
bones/0/position = Vector3(-0.00358317, 0.378986, 0.0330073)
bones/0/rotation = Quaternion(-0.0125818, -0.0562691, -0.107735, 0.992506)
bones/1/position = Vector3(-3.42727e-07, 0.0532149, 0.00128489)
bones/1/rotation = Quaternion(0.0123276, -0.0434518, -0.0866157, 0.995217)
bones/2/position = Vector3(-5.64754e-06, 0.0620796, 0.0015002)
bones/2/rotation = Quaternion(-0.0023921, -0.0434554, 0.0865147, 0.9953)
bones/3/position = Vector3(2.38419e-07, 0.0709457, 0.00171358)
bones/3/rotation = Quaternion(0.00735417, -0.043576, 0.0438183, 0.998062)
bones/4/position = Vector3(1.05426e-06, 0.0798267, 0.00192783)
bones/4/rotation = Quaternion(0.0193315, 0.0510944, 0.215563, 0.974961)
bones/5/position = Vector3(3.57628e-06, 0.0585766, 0.0180622)
bones/5/rotation = Quaternion(0.0340733, 0.0860479, -0.155228, 0.983534)
bones/6/position = Vector3(0.0381945, 0.065935, 0.00186725)
bones/6/rotation = Quaternion(0.589156, 0.529033, 0.573833, -0.20913)
bones/7/position = Vector3(-0.000106186, 0.0766729, -0.0280659)
bones/7/rotation = Quaternion(0.698422, 0.0213107, -0.687921, -0.196257)
bones/8/position = Vector3(-0.00837797, 0.0704895, 0.0621035)
bones/8/rotation = Quaternion(0.84078, -0.201359, 0.283783, 0.414741)
bones/9/position = Vector3(0.0526014, 0.0700694, 0.00847839)
bones/9/rotation = Quaternion(0.00823742, 0.675548, 0.00716889, 0.737235)
bones/19/position = Vector3(-0.0381931, 0.0659317, 0.00198837)
bones/19/rotation = Quaternion(0.690962, -0.476169, -0.499146, -0.216074)
bones/20/position = Vector3(-0.000118852, 0.0766753, -0.0280702)
bones/20/rotation = Quaternion(-0.0484, 0.956196, 0.257568, 0.130404)
bones/21/position = Vector3(0.00864732, 0.070511, 0.0621034)
bones/21/rotation = Quaternion(0.185854, 0.570858, -0.0060011, 0.799715)
bones/22/position = Vector3(-0.0526402, 0.07008, 0.00830806)
bones/22/rotation = Quaternion(-0.0982117, -0.671239, -0.0564747, 0.732533)
bones/32/position = Vector3(0.0874604, -0.0294914, -0.00239453)
bones/32/rotation = Quaternion(0.0852082, -0.0830567, 0.9874, -0.104323)
bones/33/position = Vector3(-0.0112047, 0.170187, -0.018483)
bones/33/rotation = Quaternion(-0.0365719, 0.997971, 0.0467615, -0.0229983)
bones/34/position = Vector3(-0.00266679, 0.125698, 0.00673906)
bones/34/rotation = Quaternion(0.0306997, -0.693314, 0.719686, -0.0205969)
bones/36/position = Vector3(-0.0874603, -0.0294909, -0.000677135)
bones/36/rotation = Quaternion(0.187383, -0.0230109, 0.968305, -0.163533)
bones/37/position = Vector3(0.0112014, 0.170153, -0.0206773)
bones/37/rotation = Quaternion(0.0666853, 0.989041, 0.0101998, -0.131325)
bones/38/position = Vector3(0.00266238, 0.125698, 0.00630174)
bones/38/rotation = Quaternion(-0.00907044, -0.69675, 0.717225, 0.00672379)

[node name="BoneAttachment3D" parent="SubViewportContainer/SubViewport/Node3D/Frogdude/Frogdude2/RootNode/GeneralSkeleton" index="0"]
transform = Transform3D(0.996522, 2.52388e-07, -0.0833267, -3.62284e-07, 1, 4.09782e-07, 0.0833267, -3.83705e-07, 0.996522, 0.0334284, 0.693566, 0.0490312)

[node name="BoneAttachment3D2" parent="SubViewportContainer/SubViewport/Node3D/Frogdude/Frogdude2/RootNode/GeneralSkeleton" index="1"]
transform = Transform3D(-0.148571, 0.832942, 0.531928, 0.987812, 0.150248, 0.0402946, -0.0464142, 0.531431, -0.845112, 0.25984, 0.46471, 0.0524706)

[node name="BoneAttachment3D3" parent="SubViewportContainer/SubViewport/Node3D/Frogdude/Frogdude2/RootNode/GeneralSkeleton" index="2"]
transform = Transform3D(-0.0466107, 0.987803, 0.148571, -0.053878, 0.14603, -0.987812, -0.997459, -0.0540471, 0.0464142, 0.27099, 0.455481, 0.0226122)

[node name="BoneAttachment3D4" parent="SubViewportContainer/SubViewport/Node3D/Frogdude/Frogdude2/RootNode/GeneralSkeleton" index="3"]
transform = Transform3D(-0.0466107, 0.987803, 0.148571, -0.053878, 0.14603, -0.987812, -0.997459, -0.0540471, 0.0464142, 0.268452, 0.453408, -0.00900404)

[node name="BoneAttachment3D5" parent="SubViewportContainer/SubViewport/Node3D/Frogdude/Frogdude2/RootNode/GeneralSkeleton" index="4"]
transform = Transform3D(-0.16435, -0.822944, -0.542744, -0.986189, 0.148505, 0.0730945, 0.0204724, 0.547261, -0.835985, -0.265906, 0.442544, 0.0759309)

[node name="BoneAttachment3D6" parent="SubViewportContainer/SubViewport/Node3D/Frogdude/Frogdude2/RootNode/GeneralSkeleton" index="5"]
transform = Transform3D(-0.0319986, -0.985883, -0.16435, 0.0260741, 0.163555, -0.986189, 0.999148, -0.0358422, 0.0204724, -0.277144, 0.434292, 0.0447525)

[node name="BoneAttachment3D7" parent="SubViewportContainer/SubViewport/Node3D/Frogdude/Frogdude2/RootNode/GeneralSkeleton" index="6"]
transform = Transform3D(-0.0319986, -0.985883, -0.16435, 0.0260741, 0.163555, -0.986189, 0.999148, -0.0358422, 0.0204724, -0.27549, 0.432852, 0.0122049)

[node name="BoneAttachment3D8" parent="SubViewportContainer/SubViewport/Node3D/Frogdude/Frogdude2/RootNode/GeneralSkeleton" index="7"]
transform = Transform3D(0.999752, -0.022277, 0.000203346, -0.000202683, -0.018223, -0.999834, 0.022277, 0.999586, -0.0182232, 0.0859334, -0.000511926, 0.068197)

[node name="BoneAttachment3D9" parent="SubViewportContainer/SubViewport/Node3D/Frogdude/Frogdude2/RootNode/GeneralSkeleton" index="8"]
transform = Transform3D(0.99999, 0.00452191, 2.59532e-05, -1.39053e-05, 0.0088141, -0.999961, -0.00452192, 0.999951, 0.00881404, -0.0883518, 0.0344116, 0.0737173)

[node name="ManyBoneIK3D" parent="SubViewportContainer/SubViewport/Node3D/Frogdude/Frogdude2/RootNode/GeneralSkeleton" index="10"]
constraints/0/kusudama_orientation = Transform3D(1, 0, 0, 0, 1, 0, 0, 0, 1, -0.00358317, 0.378986, 0.0330073)
constraints/0/bone_direction = Transform3D(1, -9.64974e-10, 9.31323e-10, 2.76123e-09, 1, -1.16415e-10, 0, 1.16415e-10, 1, 0, 0, 0)
constraints/1/kusudama_twist = Transform3D(1, -1.92722e-09, 2.79397e-09, 5.51427e-09, 1, -1.16415e-09, 4.30632e-18, 1.16415e-09, 1, -2.23517e-08, 0.0532095, 0.00128475)
constraints/1/kusudama_orientation = Transform3D(1, -9.64974e-10, 9.31323e-10, 2.76123e-09, 1, -1.16415e-10, 0, 1.16415e-10, 1, -3.42727e-07, 0.0532149, 0.00128489)
constraints/1/bone_direction = Transform3D(1, -9.22568e-06, -1.13621e-07, 9.22941e-06, 0.999708, 0.0241499, -1.09896e-07, -0.0241499, 0.999708, 0, 0, 0)
constraints/2/kusudama_twist = Transform3D(1, 5.58794e-09, -1.86265e-09, 0, 1, -2.38651e-08, 0, 6.17001e-09, 1, 5.73695e-07, 0.0620821, 0.0014997)
constraints/2/kusudama_orientation = Transform3D(1, 1.86265e-09, 0, 0, 1, -4.48199e-09, 0, -4.42378e-09, 1, -5.64754e-06, 0.0620796, 0.0015002)
constraints/2/bone_direction = Transform3D(1, 5.38304e-07, 0, -5.36442e-07, 0.999708, 0.0241501, 0, -0.0241501, 0.999708, 0, 0, 0)
constraints/3/kusudama_twist = Transform3D(1, 1.86264e-09, 5.96046e-08, -7.45058e-09, 1, 1.86264e-09, -2.77556e-17, 1.86264e-09, 1, -3.86499e-08, 0.0709396, 0.0017137)
constraints/3/kusudama_orientation = Transform3D(1, 0, 2.98023e-08, -1.86265e-09, 1, 1.86265e-09, 0, 0, 1, 2.38419e-07, 0.0709457, 0.00171358)
constraints/3/bone_direction = Transform3D(1, -4.44835e-06, -5.96046e-08, 4.46104e-06, 0.999627, 0.0273091, -1.19209e-07, -0.0273092, 0.999627, 0, 0, 0)
constraints/4/kusudama_twist = Transform3D(1, 1.5134e-08, 1.19209e-07, 3.53903e-08, 1, -1.76951e-08, 7.83336e-18, 4.88944e-09, 1, 5.96046e-08, 0.0798307, 0.00192822)
constraints/4/kusudama_orientation = Transform3D(1, 1.43191e-08, 2.98023e-08, 1.86265e-09, 1, -3.25963e-09, 0, 2.32831e-10, 1, 1.05426e-06, 0.0798267, 0.00192783)
constraints/4/bone_direction = Transform3D(1, -5.86733e-07, -1.04308e-07, 5.75557e-07, 0.955631, 0.294565, -7.45058e-08, -0.294566, 0.955631, 0, 0, 0)
constraints/5/kusudama_twist = Transform3D(1, -7.45058e-09, 0, -2.42144e-08, 1, -1.49012e-08, 1.49012e-08, -2.98023e-08, 1, 3.35276e-08, 0.058592, 0.0180605)
constraints/5/kusudama_orientation = Transform3D(1, -3.72529e-09, 0, -7.45058e-09, 1, 0, 1.49012e-08, -1.49012e-08, 1, 3.57628e-06, 0.0585766, 0.0180622)
constraints/6/kusudama_twist = Transform3D(-2.15718e-07, 1, 1.00816e-07, -1, -1.56695e-07, -2.98024e-08, 4.60786e-18, 3.25963e-09, 1, 0.0381946, 0.065939, 0.00186883)
constraints/6/kusudama_orientation = Transform3D(1, 1.43191e-08, 2.98023e-08, 1.86265e-09, 1, -3.25963e-09, 0, 2.32831e-10, 1, 0.0381945, 0.065935, 0.00186725)
constraints/6/bone_direction = Transform3D(0.999999, 0.00134738, -0.000238925, -0.00134734, 0.939047, -0.343785, -0.000238925, 0.343785, 0.939048, 0, 0, 0)
constraints/7/kusudama_twist = Transform3D(0.624649, 0.765446, 0.154615, -0.765446, 0.56096, 0.315303, 0.154615, -0.315303, 0.936311, -0.000109941, 0.0766668, -0.0280676)
constraints/7/kusudama_orientation = Transform3D(1, 0, -2.98023e-08, 0, 1, -2.98023e-08, 0, 0, 1, -0.000106186, 0.0766729, -0.0280659)
constraints/7/bone_direction = Transform3D(0.995479, 0.0888805, 0.0334909, -0.0888807, 0.747379, 0.658427, 0.033491, -0.658427, 0.751899, 0, 0, 0)
constraints/8/kusudama_twist = Transform3D(0.894427, -0.447214, -1.19209e-07, 0.447214, 0.894427, -1.63913e-07, -2.98023e-08, -1.77636e-15, 1, -0.00838256, 0.0704873, 0.062098)
constraints/8/kusudama_orientation = Transform3D(1, -2.98023e-08, 0, 0, 1, 0, -2.98023e-08, 0, 1, -0.00837797, 0.0704895, 0.0621035)
constraints/8/bone_direction = Transform3D(0.801055, -0.597731, -0.0320545, 0.597731, 0.795891, 0.096308, -0.0320545, -0.096308, 0.994835, 0, 0, 0)
constraints/9/kusudama_twist = Transform3D(1, -1.21945e-08, 9.31322e-10, 1.18162e-08, 1, 1.86265e-08, -2.32831e-09, 3.72529e-09, 1, 0.0526199, 0.0700645, 0.00847827)
constraints/9/kusudama_orientation = Transform3D(1, 1.36788e-09, 4.65661e-10, -1.57161e-09, 1, 7.45058e-09, -9.31323e-10, 0, 1, 0.0526014, 0.0700694, 0.00847839)
constraints/9/bone_direction = Transform3D(0.998314, -0.0578939, 0.00420985, 0.0578939, 0.987803, -0.144546, 0.00420985, 0.144547, 0.989489, 0, 0, 0)
constraints/19/kusudama_twist = Transform3D(-1.12224e-07, -1, 1.31549e-07, 1, -1.86032e-07, 2.98024e-08, -2.98023e-08, 3.25963e-09, 1, -0.0381937, 0.0659351, 0.00198658)
constraints/19/kusudama_orientation = Transform3D(1, 1.43191e-08, 2.98023e-08, 1.86265e-09, 1, -3.25963e-09, 0, 2.32831e-10, 1, -0.0381931, 0.0659317, 0.00198837)
constraints/19/bone_direction = Transform3D(0.999999, 0.00146422, -0.000259578, -0.0014642, 0.939061, -0.343748, -0.000259608, 0.343748, 0.939062, 0, 0, 0)
constraints/20/kusudama_twist = Transform3D(0.718038, -0.694822, -0.0405462, 0.694823, 0.712207, 0.0999151, -0.040546, -0.0999154, 0.99417, -0.000119567, 0.0766701, -0.0280655)
constraints/20/kusudama_orientation = Transform3D(1, 1.11759e-08, -2.98023e-08, 2.6077e-08, 1, -3.72529e-09, 2.98023e-08, 7.45058e-09, 1, -0.000118852, 0.0766753, -0.0280702)
constraints/20/bone_direction = Transform3D(0.995193, -0.0916441, -0.0345227, 0.0916441, 0.747248, 0.658195, -0.0345228, -0.658195, 0.752055, 0, 0, 0)
constraints/21/kusudama_twist = Transform3D(0.894427, 0.447213, -5.21541e-08, -0.447214, 0.894427, 6.31223e-08, 6.66134e-16, 1.19209e-07, 1, 0.00864688, 0.0705049, 0.0621025)
constraints/21/kusudama_orientation = Transform3D(1, -2.98023e-08, -1.49012e-08, -3.72529e-08, 1, 0, -2.98023e-08, 2.98023e-08, 1, 0.00864732, 0.070511, 0.0621034)
constraints/21/bone_direction = Transform3D(0.800988, 0.597855, 0.0314226, -0.597855, 0.796027, 0.0943972, 0.0314226, -0.0943973, 0.995039, 0, 0, 0)
constraints/22/kusudama_twist = Transform3D(1, 1.01281e-08, -4.68917e-18, 2.38069e-08, 1, 0, 0, 3.72529e-09, 1, -0.052627, 0.0700713, 0.00830944)
constraints/22/kusudama_orientation = Transform3D(1, 5.03496e-09, 0, 4.42378e-09, 1, -9.31323e-10, 0, 1.86265e-09, 1, -0.0526402, 0.07008, 0.00830806)
constraints/22/bone_direction = Transform3D(0.999277, 0.0378973, -0.00311231, -0.0378973, 0.985883, -0.16309, -0.00311232, 0.16309, 0.986606, 0, 0, 0)
constraints/32/kusudama_twist = Transform3D(-0.998883, -0.0472413, -6.89225e-05, -0.0472413, 0.998879, 0.00291615, -6.89197e-05, 0.00291615, -0.999996, 0.0874578, -0.0294907, -0.00239387)
constraints/32/kusudama_orientation = Transform3D(1, -9.64974e-10, 9.31323e-10, 2.76123e-09, 1, -1.16415e-10, 0, 1.16415e-10, 1, 0.0874604, -0.0294914, -0.00239453)
constraints/32/bone_direction = Transform3D(0.997859, 0.0653085, -0.00353235, -0.0653085, 0.992031, -0.107744, -0.00353241, 0.107744, 0.994172, 0, 0, 0)
constraints/33/kusudama_twist = Transform3D(1, -1.45286e-07, -5.96046e-08, 1.17596e-07, 0.433189, 0.901303, -5.6247e-08, -0.901303, 0.433189, -0.0112019, 0.170156, -0.0184806)
constraints/33/kusudama_orientation = Transform3D(1, 3.72529e-09, 0, -3.72529e-09, 1, -7.45058e-09, 0, 7.45058e-09, 1, -0.0112047, 0.170187, -0.018483)
constraints/33/bone_direction = Transform3D(0.999775, 0.021186, 0.000567424, -0.021186, 0.998342, 0.0535215, 0.000567423, -0.0535215, 0.998567, 0, 0, 0)
constraints/34/kusudama_twist = Transform3D(-3.95918e-07, 1, 3.35276e-08, -1, -4.29969e-07, 5.40167e-08, -2.79397e-09, -9.31323e-10, 1, -0.00266621, 0.125639, 0.00673556)
constraints/34/kusudama_orientation = Transform3D(1, 2.11003e-10, 0, -4.80213e-10, 1, 0, 0, 9.31323e-10, 1, -0.00266679, 0.125698, 0.00673906)
constraints/34/bone_direction = Transform3D(0.999752, -0.022277, 0.000203162, 0.0222771, 0.999585, -0.0182358, 0.000203159, 0.0182358, 0.999834, 0, 0, 0)
constraints/36/kusudama_twist = Transform3D(-0.998883, -0.0472413, -6.89225e-05, -0.0472413, 0.998879, 0.00291615, -6.89197e-05, 0.00291615, -0.999996, -0.0874564, -0.0294913, -0.000676556)
constraints/36/kusudama_orientation = Transform3D(1, -9.64974e-10, 9.31323e-10, 2.76123e-09, 1, -1.16415e-10, 0, 1.16415e-10, 1, -0.0874603, -0.0294909, -0.000677135)
constraints/36/bone_direction = Transform3D(0.997863, -0.0652232, 0.00394459, 0.0652232, 0.990582, -0.120387, 0.00394459, 0.120387, 0.992719, 0, 0, 0)
constraints/37/kusudama_twist = Transform3D(1, -3.72529e-09, 1.49012e-08, -1.40943e-08, 0.433189, 0.901303, 5.77177e-09, -0.901304, 0.433189, 0.0112031, 0.170148, -0.0206784)
constraints/37/kusudama_orientation = Transform3D(1, -5.58794e-09, 0, 2.32831e-09, 1, 0, 0, 3.72529e-09, 1, 0.0112014, 0.170153, -0.0206773)
constraints/37/bone_direction = Transform3D(0.999776, -0.0211809, -0.000530579, 0.0211809, 0.998521, 0.0500626, -0.000530577, -0.0500626, 0.998746, 0, 0, 0)
constraints/38/kusudama_twist = Transform3D(-2.60934e-07, 1, 1.95578e-08, -1, -2.04531e-07, 1.74623e-08, -3.0268e-09, 9.31323e-10, 1, 0.00266592, 0.125679, 0.00630114)
constraints/38/kusudama_orientation = Transform3D(1, -2.14095e-09, -2.32831e-10, -1.95723e-09, 1, 9.31323e-10, 0, 9.31323e-10, 1, 0.00266238, 0.125698, 0.00630174)
constraints/38/bone_direction = Transform3D(0.999995, 0.00319714, 1.41375e-05, -0.00319713, 0.999956, 0.0088446, 1.41412e-05, -0.0088446, 0.999961, 0, 0, 0)

[node name="Label3D" type="Label3D" parent="SubViewportContainer/SubViewport"]
transform = Transform3D(1, 0, 0, 0, 1, 0, 0, 0, 1, -0.480718, 1.64879, 0.156756)
text = "LASSO_POINT
"
font_size = 16

[editable path="SubViewportContainer/SubViewport/Node3D"]
[editable path="SubViewportContainer/SubViewport/Node3D/Frogdude"]
