[gd_scene load_steps=11 format=3 uid="uid://bol7dmd1wfqb2"]

[ext_resource type="Script" path="res://frog/sub_viewport.gd" id="1_7c45r"]
[ext_resource type="PackedScene" uid="uid://rccd5u6rp0u1" path="res://frog/SK_frog.tscn" id="2_txihs"]

[sub_resource type="Curve2D" id="Curve2D_vdcp6"]
_data = {
"points": PackedVector2Array(80.8816, 52.0293, -80.8816, -52.0293, 456.279, 584.473, 0, 0, 0, 0, 339.684, 342.909, 0, 0, 0, 0, 470, 185, 0, 0, 0, 0, 729.229, 180.511, 0, 0, 0, 0, 796.909, 574.763, 0, 0, 0, 0, 456.279, 584.473)
}
point_count = 6

[sub_resource type="PhysicalSkyMaterial" id="PhysicalSkyMaterial_3ipuk"]

[sub_resource type="Sky" id="Sky_ojjmd"]
sky_material = SubResource("PhysicalSkyMaterial_3ipuk")

[sub_resource type="Environment" id="Environment_hlkql"]
background_mode = 2
background_energy_multiplier = 4.03
sky = SubResource("Sky_ojjmd")
tonemap_mode = 3
glow_enabled = true

[sub_resource type="StandardMaterial3D" id="StandardMaterial3D_87raj"]
no_depth_test = true
albedo_color = Color(0.662745, 0.52549, 0.184314, 0.403922)

[sub_resource type="SphereMesh" id="SphereMesh_bki46"]
material = SubResource("StandardMaterial3D_87raj")
radius = 0.05
height = 0.1

[sub_resource type="StandardMaterial3D" id="StandardMaterial3D_bxlrg"]
transparency = 4
no_depth_test = true
albedo_color = Color(0.223529, 0.709804, 0.631373, 0.368627)

[sub_resource type="StandardMaterial3D" id="StandardMaterial3D_kgyyx"]
transparency = 4
no_depth_test = true
albedo_color = Color(0.92549, 0.47451, 0.317647, 0.368627)

[node name="Control" type="Control"]
custom_minimum_size = Vector2(1920, 1080)
layout_mode = 3
anchors_preset = 15
anchor_right = 1.0
anchor_bottom = 1.0
grow_horizontal = 2
grow_vertical = 2
size_flags_horizontal = 2
size_flags_vertical = 3
script = ExtResource("1_7c45r")

[node name="DirectionalLight3D" type="DirectionalLight3D" parent="."]
transform = Transform3D(-0.866023, -0.428137, 0.258268, 0, 0.516532, 0.856268, -0.500003, 0.741548, -0.447329, 0, 0, 0)
shadow_enabled = true

[node name="Path2D" type="Path2D" parent="."]
visible = false
position = Vector2(-845.339, -479.172)
scale = Vector2(2.60047, 2.84843)
curve = SubResource("Curve2D_vdcp6")

[node name="SubViewportContainer" type="SubViewportContainer" parent="."]
layout_mode = 1
anchors_preset = 8
anchor_left = 0.5
anchor_top = 0.5
anchor_right = 0.5
anchor_bottom = 0.5
offset_left = -960.0
offset_top = -540.0
offset_right = 960.0
offset_bottom = 540.0
grow_horizontal = 2
grow_vertical = 2

[node name="SubViewport" type="SubViewport" parent="SubViewportContainer"]
transparent_bg = true
handle_input_locally = false
snap_2d_transforms_to_pixel = true
snap_2d_vertices_to_pixel = true
msaa_3d = 2
scaling_3d_mode = 1
scaling_3d_scale = 2.0
canvas_item_default_texture_filter = 2
physics_object_picking = true
size = Vector2i(1920, 1080)
render_target_update_mode = 4

[node name="Camera3D" type="Camera3D" parent="SubViewportContainer/SubViewport"]
transform = Transform3D(1, 0, 0, 0, 1, 0, 0, 0, 1, 0.056, 1.277, 1.84144)
environment = SubResource("Environment_hlkql")

[node name="Pointer" type="Node3D" parent="SubViewportContainer/SubViewport"]
transform = Transform3D(1, 0, 0, 0, 1, 0, 0, 0, 1, 0.083976, 1.29816, 0.794532)

[node name="MeshInstance3D7" type="MeshInstance3D" parent="SubViewportContainer/SubViewport/Pointer"]
mesh = SubResource("SphereMesh_bki46")
skeleton = NodePath("../../Node3D/Frogdude/Frogdude2/RootNode/GeneralSkeleton/ManyBoneIK3D/Hips")
surface_material_override/0 = SubResource("StandardMaterial3D_bxlrg")

[node name="PointerSecondary" type="Node3D" parent="SubViewportContainer/SubViewport"]
transform = Transform3D(1, 0, 0, 0, 1, 0, 0, 0, 1, -0.0506585, 1.29816, 0.794532)

[node name="MeshInstance3D7" type="MeshInstance3D" parent="SubViewportContainer/SubViewport/PointerSecondary"]
mesh = SubResource("SphereMesh_bki46")
skeleton = NodePath("../../Node3D/Frogdude/Frogdude2/RootNode/GeneralSkeleton/ManyBoneIK3D/Hips")
surface_material_override/0 = SubResource("StandardMaterial3D_kgyyx")

[node name="Node3D" parent="SubViewportContainer/SubViewport" instance=ExtResource("2_txihs")]
transform = Transform3D(1, 0, 0, 0, 1, 0, 0, 0, 1, 0, 0.85, 0.668)

[node name="GeneralSkeleton" parent="SubViewportContainer/SubViewport/Node3D/Frogdude/Frogdude2/RootNode" index="0"]
bones/0/position = Vector3(0.00317156, 0.385959, 0.0257024)
bones/0/rotation = Quaternion(0.0112146, -0.0183895, 0.0036131, 0.999761)
bones/1/position = Vector3(-1.10936e-15, 0.0532063, 0.00128478)
bones/1/rotation = Quaternion(-0.01272, -0.043955, 0.084109, 0.995405)
bones/2/position = Vector3(2.59376e-14, 0.062074, 0.00149891)
bones/2/rotation = Quaternion(0.00584, 0.14088, -0.0886517, 0.986032)
bones/3/position = Vector3(-8.67362e-17, 0.0709418, 0.00171305)
bones/3/rotation = Quaternion(-0.0140369, -0.0453579, -0.031982, 0.99836)
bones/4/position = Vector3(5.4956e-15, 0.0798094, 0.00192718)
bones/4/rotation = Quaternion(-0.0898759, -0.0342986, 0.0211394, 0.995138)
bones/5/position = Vector3(3.71231e-16, 0.0585746, 0.0180559)
bones/5/rotation = Quaternion(0.111582, -0.00279159, 0.00854573, 0.993715)
bones/6/position = Vector3(0.0381882, 0.0659051, 0.0018699)
bones/6/rotation = Quaternion(0.737411, 0.453901, 0.404833, -0.293785)
bones/7/position = Vector3(-0.000114552, 0.0766562, -0.028059)
bones/7/rotation = Quaternion(-0.0343293, 0.940305, 0.334607, -0.0518352)
bones/8/position = Vector3(-0.0083796, 0.070478, 0.0620828)
bones/8/rotation = Quaternion(0.284829, -0.526583, 0.149493, 0.786915)
bones/9/position = Vector3(0.0526088, 0.0700578, 0.00847566)
bones/9/rotation = Quaternion(0.000269824, 0.678015, -0.000573189, 0.735048)
bones/19/position = Vector3(-0.0381882, 0.0659052, 0.00198446)
bones/19/rotation = Quaternion(0.741483, -0.453179, -0.407767, -0.280283)
bones/20/position = Vector3(-0.000114553, 0.0766562, -0.028059)
bones/20/rotation = Quaternion(0.261376, 0.917021, 0.301252, 0.00125683)
bones/21/position = Vector3(0.00864858, 0.070478, 0.0620828)
bones/21/rotation = Quaternion(0.34862, 0.455006, -0.278792, 0.770525)
bones/22/position = Vector3(-0.0526088, 0.0700578, 0.00830746)
bones/22/rotation = Quaternion(-0.00821127, -0.671891, 0.00820755, 0.740559)
bones/32/position = Vector3(0.0874459, -0.0294881, -0.00239364)
bones/32/rotation = Quaternion(0.0533676, -0.0284976, 0.997548, 0.0351795)
bones/33/position = Vector3(-0.0112005, 0.170136, -0.0184781)
bones/33/rotation = Quaternion(-0.0510109, 0.997397, 0.0355924, -0.0364739)
bones/34/position = Vector3(-0.00266424, 0.125629, 0.00673422)
bones/34/rotation = Quaternion(-0.0125009, 0.707806, -0.706117, 0.0159193)
bones/36/position = Vector3(-0.0874459, -0.0294881, -0.000676899)
bones/36/rotation = Quaternion(0.144897, -0.0200139, 0.988696, -0.0329156)
bones/37/position = Vector3(0.0112005, 0.170136, -0.0206751)
bones/37/rotation = Quaternion(0.0598325, 0.989957, 0.0234695, -0.125913)
bones/38/position = Vector3(0.00266434, 0.125629, 0.00629914)
bones/38/rotation = Quaternion(0.0155844, 0.707471, -0.706397, -0.0156463)

[node name="BoneAttachment3D" parent="SubViewportContainer/SubViewport/Node3D/Frogdude/Frogdude2/RootNode/GeneralSkeleton" index="0"]
transform = Transform3D(0.999996, -0.00104814, -0.00248236, 0.00104247, 0.999997, -0.00228363, 0.00248474, 0.00228103, 0.999994, -0.0013022, 0.711944, 0.0330141)

[node name="BoneAttachment3D2" parent="SubViewportContainer/SubViewport/Node3D/Frogdude/Frogdude2/RootNode/GeneralSkeleton" index="1"]
transform = Transform3D(0.0172542, 0.706973, 0.70617, 0.999831, -0.00766881, -0.0167221, -0.00641439, 0.706339, -0.706986, 0.290317, 0.427216, 0.0889554)

[node name="BoneAttachment3D3" parent="SubViewportContainer/SubViewport/Node3D/Frogdude/Frogdude2/RootNode/GeneralSkeleton" index="2"]
transform = Transform3D(0.168516, 0.985548, -0.0172542, -0.00923156, -0.0159258, -0.999831, -0.985656, 0.168647, 0.00641439, 0.306287, 0.417375, 0.0615848)

[node name="BoneAttachment3D4" parent="SubViewportContainer/SubViewport/Node3D/Frogdude/Frogdude2/RootNode/GeneralSkeleton" index="3"]
transform = Transform3D(0.168516, 0.985548, -0.0172542, -0.00923156, -0.0159258, -0.999831, -0.985656, 0.168647, 0.00641439, 0.310552, 0.416896, 0.0300903)

[node name="BoneAttachment3D5" parent="SubViewportContainer/SubViewport/Node3D/Frogdude/Frogdude2/RootNode/GeneralSkeleton" index="4"]
transform = Transform3D(0.0203513, -0.714407, -0.698566, -0.999781, -0.0111709, -0.017667, 0.00482369, 0.698773, -0.714478, -0.293132, 0.428293, 0.0889604)

[node name="BoneAttachment3D6" parent="SubViewportContainer/SubViewport/Node3D/Frogdude/Frogdude2/RootNode/GeneralSkeleton" index="5"]
transform = Transform3D(0.158009, -0.987228, 0.0203513, 0.00798038, -0.0193328, -0.999781, 0.987405, 0.158137, 0.00482369, -0.30855, 0.418491, 0.060104)

[node name="BoneAttachment3D7" parent="SubViewportContainer/SubViewport/Node3D/Frogdude/Frogdude2/RootNode/GeneralSkeleton" index="6"]
transform = Transform3D(0.158009, -0.987228, 0.0203513, 0.00798038, -0.0193328, -0.999781, 0.987405, 0.158137, 0.00482369, -0.313003, 0.417763, 0.0277962)

[node name="BoneAttachment3D8" parent="SubViewportContainer/SubViewport/Node3D/Frogdude/Frogdude2/RootNode/GeneralSkeleton" index="7"]
transform = Transform3D(0.999999, 0.00118999, 0.00052843, 0.000543586, -0.0127729, -0.999918, -0.00118315, 0.999918, -0.0127735, 0.0884269, 0.0221995, 0.070122)

[node name="BoneAttachment3D9" parent="SubViewportContainer/SubViewport/Node3D/Frogdude/Frogdude2/RootNode/GeneralSkeleton" index="8"]
transform = Transform3D(0.999998, 0.00222285, 0.000151566, 0.000171483, -0.00896246, -0.99996, -0.00222141, 0.999957, -0.00896282, -0.0868945, 0.0204322, 0.070997)

[node name="ManyBoneIK3D" parent="SubViewportContainer/SubViewport/Node3D/Frogdude/Frogdude2/RootNode/GeneralSkeleton" index="10"]
constraints/0/kusudama_orientation = Transform3D(1, 0, 0, 0, 1, 0, 0, 0, 1, 0.00317156, 0.385959, 0.0257024)
constraints/0/bone_direction = Transform3D(1, 1.19262e-18, -6.93889e-18, -6.50521e-19, 1, 3.46945e-18, 0, 3.46945e-18, 1, 0, 0, 0)
constraints/1/kusudama_twist = Transform3D(1, 3.36103e-18, -2.08167e-17, -1.95156e-18, 1, 1.73472e-17, 5.26621e-36, 3.46945e-18, 1, -1.12844e-15, 0.0532063, 0.00128478)
constraints/1/kusudama_orientation = Transform3D(1, 1.19262e-18, -6.93889e-18, -6.50521e-19, 1, 3.46945e-18, 0, 3.46945e-18, 1, -1.10936e-15, 0.0532063, 0.00128478)
constraints/1/bone_direction = Transform3D(1, -9.54892e-14, -1.11022e-15, 9.55057e-14, 0.999709, 0.0241401, -1.19349e-15, -0.0241401, 0.999709, 0, 0, 0)
constraints/2/kusudama_twist = Transform3D(1, 2.64545e-17, 8.32667e-17, 5.63785e-17, 1, -3.46945e-18, -1.11022e-16, 1.04083e-17, 1, 5.95357e-15, 0.062074, 0.00149891)
constraints/2/kusudama_orientation = Transform3D(1, 2.64545e-17, 2.77556e-17, -4.33681e-19, 1, 0, -2.77556e-17, 3.46945e-18, 1, 2.59376e-14, 0.062074, 0.00149891)
constraints/2/bone_direction = Transform3D(1, 1.6636e-15, 5.55112e-17, -1.66143e-15, 0.999709, 0.0241402, 5.55112e-17, -0.0241402, 0.999709, 0, 0, 0)
constraints/3/kusudama_twist = Transform3D(1, 8.67362e-19, 1.12847e-36, 1.51788e-18, 1, -4.33681e-18, 8.32667e-17, 2.60209e-18, 1, -1.19696e-16, 0.0709418, 0.00171305)
constraints/3/kusudama_orientation = Transform3D(1, 1.0842e-18, 0, -4.33681e-19, 1, -8.67362e-19, 2.77556e-17, 0, 1, -8.67362e-17, 0.0709418, 0.00171305)
constraints/3/bone_direction = Transform3D(1, 1.80541e-15, 4.16334e-17, -1.7821e-15, 0.999627, 0.0273102, 2.77556e-17, -0.0273102, 0.999627, 0, 0, 0)
constraints/4/kusudama_twist = Transform3D(1, 2.60209e-17, -9.32872e-35, 8.23994e-17, 1, -1.38778e-17, 0, 0, 1, 6.31439e-16, 0.0798094, 0.00192718)
constraints/4/kusudama_orientation = Transform3D(1, 1.34441e-17, 0, 2.77556e-17, 1, -6.93889e-18, 0, 0, 1, 5.4956e-15, 0.0798094, 0.00192718)
constraints/4/bone_direction = Transform3D(1, 5.17273e-16, 7.71952e-17, -5.11445e-16, 0.955628, 0.294577, 9.06393e-17, -0.294577, 0.955628, 0, 0, 0)
constraints/5/kusudama_twist = Transform3D(1, -5.09575e-18, -4.33681e-19, 1.31188e-17, 1, -1.11022e-16, 8.67362e-19, -5.55112e-17, 1, -3.46945e-17, 0.0585746, 0.0180559)
constraints/5/kusudama_orientation = Transform3D(1, -7.58942e-19, -4.33681e-19, 3.03577e-18, 1, -2.77556e-17, 4.33681e-19, -2.77556e-17, 1, 3.71231e-16, 0.0585746, 0.0180559)
constraints/6/kusudama_twist = Transform3D(7.51569e-16, 1, -6.93889e-18, -1, 8.24427e-16, -5.55112e-17, -1.38778e-17, 6.93889e-18, 1, 0.0381882, 0.0659051, 0.0018699)
constraints/6/kusudama_orientation = Transform3D(1, 1.34441e-17, 0, 2.77556e-17, 1, -6.93889e-18, 0, 0, 1, 0.0381882, 0.0659051, 0.0018699)
constraints/6/bone_direction = Transform3D(0.999999, 0.0014033, -0.00024876, -0.0014033, 0.939066, -0.343733, -0.00024876, 0.343733, 0.939067, 0, 0, 0)
constraints/7/kusudama_twist = Transform3D(0.624649, 0.765446, 0.154615, -0.765446, 0.56096, 0.315303, 0.154615, -0.315303, 0.936311, -0.000114552, 0.0766562, -0.028059)
constraints/7/kusudama_orientation = Transform3D(1, -6.93889e-17, 0, -1.38778e-17, 1, -3.46945e-17, -5.55112e-17, -5.55112e-17, 1, -0.000114552, 0.0766562, -0.028059)
constraints/7/bone_direction = Transform3D(0.995481, 0.0888653, 0.0334824, -0.0888653, 0.747416, 0.658386, 0.0334824, -0.658386, 0.751936, 0, 0, 0)
constraints/8/kusudama_twist = Transform3D(0.894427, -0.447214, -5.55112e-17, 0.447214, 0.894427, 2.00841e-16, 1.11022e-16, -5.55112e-17, 1, -0.0083796, 0.070478, 0.0620828)
constraints/8/kusudama_orientation = Transform3D(1, 5.55112e-17, -2.77556e-17, -5.55112e-17, 1, 1.38778e-17, 0, 1.38778e-17, 1, -0.0083796, 0.070478, 0.0620828)
constraints/8/bone_direction = Transform3D(0.801088, -0.597688, -0.0320461, 0.597688, 0.795925, 0.0962918, -0.0320461, -0.0962918, 0.994837, 0, 0, 0)
constraints/9/kusudama_twist = Transform3D(1, -3.85186e-34, -1.38778e-17, 1.04083e-17, 1, -1.66533e-16, 1.92593e-34, 6.16298e-33, 1, 0.0526088, 0.0700578, 0.00847566)
constraints/9/kusudama_orientation = Transform3D(1, 1.73472e-18, 0, 1.73472e-18, 1, -2.77556e-17, 0, -2.77556e-17, 1, 0.0526088, 0.0700578, 0.00847566)
constraints/9/bone_direction = Transform3D(0.985377, 0.170386, 0.00126109, -0.170386, 0.985268, 0.0146937, 0.00126109, -0.0146937, 0.999891, 0, 0, 0)
constraints/19/kusudama_twist = Transform3D(6.99527e-16, -1, -2.08167e-17, 1, 5.80699e-16, 1.38778e-17, -1.1375e-33, -2.08167e-17, 1, -0.0381882, 0.0659052, 0.00198446)
constraints/19/kusudama_orientation = Transform3D(1, 1.34441e-17, 0, 2.77556e-17, 1, -6.93889e-18, 0, 0, 1, -0.0381882, 0.0659052, 0.00198446)
constraints/19/bone_direction = Transform3D(0.999999, 0.00140332, -0.000248762, -0.00140332, 0.939066, -0.343733, -0.000248762, 0.343733, 0.939067, 0, 0, 0)
constraints/20/kusudama_twist = Transform3D(0.718038, -0.694822, -0.0405461, 0.694822, 0.712207, 0.0999153, -0.0405461, -0.0999153, 0.994169, -0.000114553, 0.0766562, -0.028059)
constraints/20/kusudama_orientation = Transform3D(1, -3.46945e-18, -5.55112e-17, 3.46945e-17, 1, -1.9082e-17, 0, -5.20417e-18, 1, -0.000114553, 0.0766562, -0.028059)
constraints/20/bone_direction = Transform3D(0.995188, -0.0916942, -0.0345432, 0.0916942, 0.747224, 0.658216, -0.0345432, -0.658216, 0.752036, 0, 0, 0)
constraints/21/kusudama_twist = Transform3D(0.894427, 0.447214, -1.16109e-16, -0.447214, 0.894427, -2.48253e-17, -2.22045e-16, 8.32667e-17, 1, 0.00864858, 0.070478, 0.0620828)
constraints/21/kusudama_orientation = Transform3D(1, -5.55112e-17, -2.77556e-17, -1.66533e-16, 1, -2.77556e-17, -5.55112e-17, 2.77556e-17, 1, 0.00864858, 0.070478, 0.0620828)
constraints/21/bone_direction = Transform3D(0.801032, 0.597797, 0.0314191, -0.597797, 0.79607, 0.0943981, 0.0314191, -0.0943981, 0.995039, 0, 0, 0)
constraints/22/kusudama_twist = Transform3D(1, 2.42861e-17, 4.16334e-17, -6.93889e-18, 1, 8.32667e-17, -1.38778e-17, -8.32667e-17, 1, -0.0526088, 0.0700578, 0.00830746)
constraints/22/kusudama_orientation = Transform3D(1, 3.46945e-18, 1.38778e-17, 3.46945e-18, 1, 2.77556e-17, 0, -2.77556e-17, 1, -0.0526088, 0.0700578, 0.00830746)
constraints/22/bone_direction = Transform3D(0.987241, -0.159226, -0.00163676, 0.159226, 0.987031, 0.0204257, -0.00163676, -0.0204257, 0.99979, 0, 0, 0)
constraints/32/kusudama_twist = Transform3D(-0.999915, 0.0130669, -0.000288578, 0.0130669, 0.99894, -0.0441458, -0.000288578, -0.0441458, -0.999025, 0.0874459, -0.0294881, -0.00239364)
constraints/32/kusudama_orientation = Transform3D(1, 1.19262e-18, -6.93889e-18, -6.50521e-19, 1, 3.46945e-18, 0, 3.46945e-18, 1, 0.0874459, -0.0294881, -0.00239364)
constraints/32/bone_direction = Transform3D(0.997859, 0.065308, -0.0035323, -0.065308, 0.992031, -0.107742, -0.0035323, 0.107742, 0.994173, 0, 0, 0)
constraints/33/kusudama_twist = Transform3D(1, 7.80626e-18, 1.38778e-17, -6.93889e-18, 0.433189, 0.901303, 1.38778e-17, -0.901303, 0.433189, -0.0112005, 0.170136, -0.0184781)
constraints/33/kusudama_orientation = Transform3D(1, 5.20417e-18, 0, 0, 1, 2.77556e-17, 0, -1.38778e-17, 1, -0.0112005, 0.170136, -0.0184781)
constraints/33/bone_direction = Transform3D(0.999776, 0.0211721, 0.000566983, -0.0211721, 0.998343, 0.0535152, 0.000566983, -0.0535152, 0.998567, 0, 0, 0)
constraints/34/kusudama_twist = Transform3D(1.27529e-17, 1, 8.67362e-18, -1, 1.16552e-18, -5.0307e-17, -5.20417e-18, 1.92593e-34, 1, -0.00266424, 0.125629, 0.00673422)
constraints/34/kusudama_orientation = Transform3D(1, -4.29615e-18, 0, 2.92735e-18, 1, -1.73472e-18, -1.73472e-18, 1.73472e-18, 1, -0.00266424, 0.125629, 0.00673422)
constraints/34/bone_direction = Transform3D(1, 0.000560951, -3.52457e-06, -0.000560951, 0.999921, -0.0125659, -3.52457e-06, 0.0125659, 0.999921, 0, 0, 0)
constraints/36/kusudama_twist = Transform3D(-0.999915, 0.0130669, -0.000288578, 0.0130669, 0.99894, -0.0441458, -0.000288578, -0.0441458, -0.999025, -0.0874459, -0.0294881, -0.000676899)
constraints/36/kusudama_orientation = Transform3D(1, 1.19262e-18, -6.93889e-18, -6.50521e-19, 1, 3.46945e-18, 0, 3.46945e-18, 1, -0.0874459, -0.0294881, -0.000676899)
constraints/36/bone_direction = Transform3D(0.997864, -0.0652128, 0.00394362, 0.0652128, 0.990584, -0.120377, 0.00394362, 0.120377, 0.99272, 0, 0, 0)
constraints/37/kusudama_twist = Transform3D(1, 1.73472e-17, -5.55112e-17, 5.57776e-17, 0.433189, 0.901303, -7.74974e-17, -0.901303, 0.433189, 0.0112005, 0.170136, -0.0206751)
constraints/37/kusudama_orientation = Transform3D(1, 3.46945e-18, -2.77556e-17, 6.93889e-18, 1, 0, 2.77556e-17, -1.38778e-17, 1, 0.0112005, 0.170136, -0.0206751)
constraints/37/bone_direction = Transform3D(0.999776, -0.0211766, -0.000530514, 0.0211766, 0.998521, 0.0500667, -0.000530514, -0.0500667, 0.998746, 0, 0, 0)
constraints/38/kusudama_twist = Transform3D(-2.66416e-16, 1, 7.80626e-17, -1, -1.78029e-16, 5.46438e-17, -3.46945e-18, 4.33681e-18, 1, 0.00266434, 0.125629, 0.00629914)
constraints/38/kusudama_orientation = Transform3D(1, -4.45539e-18, 4.33681e-19, 1.98545e-18, 1, 1.73472e-18, 8.67362e-19, 2.60209e-18, 1, 0.00266434, 0.125629, 0.00629914)
constraints/38/bone_direction = Transform3D(1, -0.000448058, 2.01611e-06, 0.000448058, 0.999959, -0.00899917, 2.01611e-06, 0.00899917, 0.99996, 0, 0, 0)

[node name="Label3D" type="Label3D" parent="SubViewportContainer/SubViewport"]
transform = Transform3D(1, 0, 0, 0, 1, 0, 0, 0, 1, -0.480718, 1.64879, 0.156756)
text = "LASSO_POINT
"
font_size = 16

[editable path="SubViewportContainer/SubViewport/Node3D"]
[editable path="SubViewportContainer/SubViewport/Node3D/Frogdude"]
